DATE	NBLOCKS	STARTBLOCK	ENDBLOCK	NTRACES	NTERRORS	NTCERRORS	NERRORS	NTXCREATES	NTCCREATES	NTCFAILS	NCREATES	NCALLS	NSELFDESTRUCTX
7/30/15	6911	1	6911	0	0	0	0	0	0	0	0	0	0
7/31/15	6863	6912	13774	0	0	0	0	0	0	0	0	0	0
8/1/15	5293	13775	19067	0	0	0	0	0	0	0	0	0	0
8/2/15	5358	19068	24425	0	0	0	0	0	0	0	0	0	0
8/3/15	5280	24426	29705	0	0	0	0	0	0	0	0	0	0
8/4/15	5368	29706	35073	0	0	0	0	0	0	0	0	0	0
8/5/15	5235	35074	40308	0	0	0	0	0	0	0	0	0	0
8/6/15	5116	40309	45424	0	0	0	0	0	0	0	0	0	0
8/7/15	5189	45425	50613	2103	15	0	15	26	0	8	34	2069	0
8/8/15	5256	50614	55869	21165	537	0	537	71	0	3	74	21085	6
8/9/15	5123	55870	60992	1504	17	0	17	31	0	0	31	1466	7
8/10/15	5255	60993	66247	2888	10	0	10	38	0	0	38	2838	12
8/11/15	5280	66248	71527	7034	8	1	9	18	0	0	18	7015	1
8/12/15	5124	71528	76651	2197	27	0	27	40	0	3	43	2150	4
8/13/15	5286	76652	81937	3145	8	1	9	33	1	2	36	3106	3
8/14/15	5809	81938	87746	3230	8	1	9	25	1	5	31	3196	3
8/15/15	5382	87747	93128	2709	15	0	15	20	0	0	20	2686	3
8/16/15	5132	93129	98260	2477	2	0	2	18	0	0	18	2453	6
8/17/15	5347	98261	103607	2582	0	0	0	9	0	0	9	2570	3
8/18/15	4948	103608	108555	2603	1	0	1	9	0	0	9	2593	1
8/19/15	5192	108556	113747	4337	31	0	31	22	0	0	22	4313	2
8/20/15	4024	113748	117771	2374	2	0	2	37	0	0	37	2327	10
8/21/15	5088	117772	122859	3972	13	0	13	30	0	1	31	3938	3
8/22/15	5271	122860	128130	3665	5	0	5	15	0	2	17	3644	4
8/23/15	5013	128131	133143	4226	3	0	3	64	0	0	64	4158	4
8/24/15	5184	133144	138327	4520	0	0	0	9	0	0	9	4507	4
8/25/15	5097	138328	143424	4611	17	0	17	38	0	0	38	4569	4
8/26/15	5003	143425	148427	4270	3	0	3	44	0	0	44	4219	7
8/27/15	4708	148428	153135	7021	40	0	40	22	0	0	22	6998	1
8/28/15	4653	153136	157788	5226	1	0	1	35	1	0	36	5187	3
8/29/15	4329	157789	162117	4314	1	0	1	30	0	0	30	4274	10
8/30/15	4155	162118	166272	4712	1	0	1	24	0	1	25	4677	10
8/31/15	4122	166273	170394	5380	2	0	2	31	0	0	31	5343	6
9/1/15	3938	170395	174332	5260	12	0	12	38	0	1	39	5214	7
9/2/15	3577	174333	177909	5435	6	0	6	35	1	0	36	5384	15
9/3/15	3383	177910	181292	4874	11	0	11	39	0	0	39	4821	14
9/4/15	4443	181293	185735	5678	18	0	18	41	0	0	41	5633	4
9/5/15	4921	185736	190656	5601	10	0	10	48	0	0	48	5535	18
9/6/15	4978	190657	195634	5545	5	0	5	32	0	0	32	5510	3
9/7/15	4834	195635	200468	5769	6	0	6	76	3	0	79	5686	4
9/8/15	4923	200469	205391	5655	11	0	11	18	0	0	18	5634	3
9/9/15	5035	205392	210426	5689	5	0	5	24	0	3	27	5659	3
9/10/15	5003	210427	215429	5471	10	0	10	13	0	0	13	5455	3
9/11/15	5141	215430	220570	6657	4	0	4	21	0	0	21	6636	0
9/12/15	5026	220571	225596	5698	14	0	14	36	0	5	41	5645	12
9/13/15	4971	225597	230567	6197	13	10	23	40	3	10	53	6135	9
9/14/15	4851	230568	235418	5704	2	1	3	30	5	1	36	5643	25
9/15/15	4842	235419	240260	5501	3	0	3	16	2	3	21	5468	12
9/16/15	4956	240261	245216	6289	6	0	6	23	0	3	26	6253	10
9/17/15	4808	245217	250024	5603	3	1	4	25	2	1	28	5569	6
9/18/15	4889	250025	254913	6017	20	0	20	64	0	5	69	5947	1
9/19/15	5078	254914	259991	5271	6	0	6	51	0	0	51	5209	11
9/20/15	5305	259992	265296	6532	22	0	22	57	1	4	62	6465	5
9/21/15	5075	265297	270371	6367	2	0	2	61	0	0	61	6291	15
9/22/15	5051	270372	275422	6913	2	3	5	45	3	0	48	6860	5
9/23/15	5165	275423	280587	7441	28	0	28	33	0	2	35	7394	12
9/24/15	5021	280588	285608	6246	6	0	6	39	9	0	48	6196	2
9/25/15	5126	285609	290734	5977	5	0	5	50	0	0	50	5920	7
9/26/15	4930	290735	295664	5946	3	0	3	4	0	0	4	5941	1
9/27/15	4773	295665	300437	5957	13	0	13	21	0	7	28	5924	5
9/28/15	4738	300438	305175	6195	8	0	8	21	0	0	21	6167	7
9/29/15	4640	305176	309815	5772	1	1	2	23	0	0	23	5743	6
9/30/15	4757	309816	314572	5989	4	0	4	33	4	3	40	5931	18
10/1/15	5210	314573	319782	6638	2	0	2	19	0	0	19	6615	4
10/2/15	5143	319783	324925	6233	11	0	11	10	0	0	10	6222	1
10/3/15	5077	324926	330002	6243	0	0	0	11	0	0	11	6229	3
10/4/15	4886	330003	334888	6814	0	0	0	5	0	0	5	6806	3
10/5/15	5009	334889	339897	6471	39	0	39	53	0	0	53	6415	3
10/6/15	4806	339898	344703	6702	2	1	3	17	0	1	18	6682	2
10/7/15	5004	344704	349707	7372	8	0	8	19	0	2	21	7345	6
10/8/15	5152	349708	354859	7150	0	0	0	14	3	0	17	7128	5
10/9/15	4905	354860	359764	6914	2	0	2	11	0	1	12	6901	1
10/10/15	4896	359765	364660	7252	0	0	0	10	0	0	10	7242	0
10/11/15	5073	364661	369733	6332	0	0	0	12	0	0	12	6320	0
10/12/15	5148	369734	374881	6689	22	0	22	65	0	1	66	6610	13
10/13/15	5108	374882	379989	6990	3	0	3	53	0	0	53	6930	7
10/14/15	4934	379990	384923	7052	12	0	12	48	0	10	58	6988	6
10/15/15	4926	384924	389849	6906	27	0	27	73	0	2	75	6815	16
10/16/15	4883	389850	394732	7011	26	0	26	39	0	8	47	6960	4
10/17/15	5056	394733	399788	6715	3	0	3	59	0	0	59	6632	24
10/18/15	4945	399789	404733	6707	19	0	19	39	0	0	39	6653	15
10/19/15	4975	404734	409708	6707	7	1	8	54	0	0	54	6642	11
10/20/15	4990	409709	414698	5981	3	0	3	30	16	0	46	5931	4
10/21/15	4990	414699	419688	6451	8	0	8	23	0	0	23	6426	2
10/22/15	4835	419689	424523	6854	17	2	19	70	4	0	74	6773	7
10/23/15	5263	424524	429786	8370	27	23	50	120	2	0	122	8243	5
10/24/15	5171	429787	434957	8496	7	16	23	124	0	3	127	8369	0
10/25/15	5096	434958	440053	6355	17	0	17	150	0	3	153	6202	0
10/26/15	4908	440054	444961	6888	28	10	38	33	0	9	42	6846	0
10/27/15	5220	444962	450181	7294	34	4	38	95	0	2	97	7196	1
10/28/15	4967	450182	455148	7622	6	0	6	48	0	0	48	7572	2
10/29/15	5158	455149	460306	8447	56	47	103	42	0	1	43	8399	5
10/30/15	5232	460307	465538	8192	32	42	74	89	0	10	99	8091	2
10/31/15	5129	465539	470667	8339	35	40	75	51	0	7	58	8280	1
11/1/15	5158	470668	475825	7474	22	0	22	25	0	0	25	7447	2
11/2/15	5024	475826	480849	6809	15	5	20	36	0	0	36	6772	1
11/3/15	5085	480850	485934	7530	6	1	7	45	0	0	45	7485	0
11/4/15	5125	485935	491059	7120	4	0	4	33	0	0	33	7085	2
11/5/15	5103	491060	496162	7664	10	0	10	57	0	1	58	7602	4
11/6/15	5142	496163	501304	11677	8	1	9	54	0	0	54	11623	0
11/7/15	4922	501305	506226	27943	21	0	21	133	12	0	145	27789	9
11/8/15	5021	506227	511247	16100	19	8	27	70	4	8	82	16017	1
11/9/15	5024	511248	516271	8075	1	2	3	32	13	1	46	8023	6
11/10/15	5053	516272	521324	14435	9	0	9	90	2	0	92	14341	2
11/11/15	5028	521325	526352	30141	0	0	0	44	0	0	44	30097	0
11/12/15	5079	526353	531431	32080	166	1	167	34	0	0	34	32046	0
11/13/15	5119	531432	536550	13334	5	0	5	61	0	0	61	13272	1
11/14/15	5127	536551	541677	7613	5	1	6	24	0	0	24	7588	1
11/15/15	5195	541678	546872	7240	4	3	7	32	0	0	32	7208	0
11/16/15	5039	546873	551911	7649	6	3	9	34	0	1	35	7612	2
11/17/15	5163	551912	557074	7381	0	0	0	30	0	0	30	7349	2
11/18/15	5075	557075	562149	7439	10	0	10	33	0	10	43	7396	0
11/19/15	4977	562150	567126	15982	4	0	4	42	0	0	42	15938	2
11/20/15	4721	567127	571847	6481	1	0	1	20	0	0	20	6461	0
11/21/15	5035	571848	576882	6913	2	2	4	42	0	0	42	6865	6
11/22/15	5049	576883	581931	7232	0	0	0	30	0	0	30	7202	0
11/23/15	5089	581932	587020	8388	0	0	0	55	0	0	55	8333	0
11/24/15	5001	587021	592021	7197	3	0	3	45	0	0	45	7151	1
11/25/15	4940	592022	596961	7218	1	0	1	24	0	0	24	7194	0
11/26/15	4940	596962	601901	7333	0	0	0	16	0	0	16	7316	1
11/27/15	5174	601902	607075	6733	0	0	0	11	0	0	11	6722	0
11/28/15	5008	607076	612083	7012	25	2	27	16	1	1	18	6993	1
11/29/15	5050	612084	617133	6908	4	0	4	23	0	0	23	6884	1
11/30/15	5080	617134	622213	9032	29	0	29	20	0	0	20	9011	1
12/1/15	5078	622214	627291	6876	12	0	12	40	2	1	43	6831	2
12/2/15	4824	627292	632115	6545	6	2	8	31	4	2	37	6508	0
12/3/15	5205	632116	637320	7057	25	0	25	33	1	0	34	7023	0
12/4/15	5008	637321	642328	7066	20	3	23	75	3	0	78	6985	3
12/5/15	5006	642329	647334	6955	12	2	14	60	0	0	60	6890	5
12/6/15	4913	647335	652247	9549	23	0	23	158	1	0	159	9390	0
12/7/15	4971	652248	657218	7277	3	0	3	51	0	0	51	7225	1
12/8/15	4911	657219	662129	7014	7	3	10	40	0	0	40	6971	3
12/9/15	5208	662130	667337	7097	1	2	3	38	2	0	40	7057	0
12/10/15	5144	667338	672481	7689	28	6	34	56	0	0	56	7633	0
12/11/15	5062	672482	677543	8477	8	6	14	54	0	0	54	8423	0
12/12/15	5076	677544	682619	8415	3	2	5	34	0	1	35	8378	2
12/13/15	5280	682620	687899	9115	15	13	28	89	1	3	93	9021	1
12/14/15	4999	687900	692898	16356	25	29	54	72	0	0	72	16283	1
12/15/15	5070	692899	697968	50353	739	1	740	36	0	0	36	50315	2
12/16/15	4982	697969	702950	11931	10	0	10	25	1	7	33	11898	0
12/17/15	5060	702951	708010	10627	13	1	14	92	0	13	105	10521	1
12/18/15	5020	708011	713030	10734	3	12	15	112	0	0	112	10620	2
12/19/15	5038	713031	718068	10844	41	74	115	10	0	0	10	10834	0
12/20/15	4947	718069	723015	13559	288	561	849	26	0	1	27	13531	1
12/21/15	4976	723016	727991	15828	2	2	4	60	1	0	61	15767	0
12/22/15	5129	727992	733120	30124	4	1	5	23	0	0	23	30098	3
12/23/15	5112	733121	738232	67590	3	9	12	29	1	0	30	67559	1
12/24/15	5018	738233	743250	20668	2	0	2	14	1	0	15	20653	0
12/25/15	5080	743251	748330	16250	2	5	7	16	10	0	26	16221	3
12/26/15	5004	748331	753334	15844	4	0	4	32	9	0	41	15802	1
12/27/15	5018	753335	758352	75662	3	1	4	11	10	0	21	75640	1
12/28/15	5081	758353	763433	24274	6	44	50	43	14	0	57	24216	1
12/29/15	4981	763434	768414	21277	9	4	13	66	11	0	77	21199	1
12/30/15	5028	768415	773442	79730	95	1	96	51	5	0	56	79674	0
12/31/15	5040	773443	778482	18066	0	0	0	44	9	0	53	18013	0
1/1/16	4885	778483	783367	11991	1	1	2	27	10	0	37	11954	0
1/2/16	5095	783368	788462	15036	0	0	0	24	4	0	28	15008	0
1/3/16	5134	788463	793596	15349	0	0	0	10	7	0	17	15332	0
1/4/16	5096	793597	798692	16198	5	4	9	49	8	0	57	16138	3
1/5/16	5126	798693	803818	43281	6	11	17	50	7	0	57	43217	7
1/6/16	5090	803819	808908	41511	15	8	23	67	11	0	78	41427	6
1/7/16	4981	808909	813889	63187	12	15	27	50	6	0	56	63131	0
1/8/16	5176	813890	819065	17406	3	0	3	28	11	0	39	17365	2
1/9/16	5099	819066	824164	20702	19	0	19	93	11	8	112	20590	0
1/10/16	5093	824165	829257	16657	0	0	0	65	10	0	75	16582	0
1/11/16	5107	829258	834364	19037	3	2	5	47	11	0	58	18974	5
1/12/16	4930	834365	839294	18057	2	1	3	38	13	0	51	18006	0
1/13/16	5002	839295	844296	46698	1507	1505	3012	31	10	0	41	46656	1
1/14/16	5090	844297	849386	17587	5	0	5	36	11	0	47	17538	2
1/15/16	5084	849387	854470	14990	7	0	7	48	10	0	58	14931	1
1/16/16	5046	854471	859516	15496	4	1	5	42	11	0	53	15443	0
1/17/16	5036	859517	864552	12753	4	3	7	40	10	0	50	12703	0
1/18/16	5072	864553	869624	19072	0	2	2	33	11	0	44	19028	0
1/19/16	4972	869625	874596	25638	4	0	4	37	10	0	47	25590	1
1/20/16	5038	874597	879634	16365	1	0	1	61	10	0	71	16293	1
1/21/16	4963	879635	884597	15342	6	2	8	97	11	1	109	15232	1
1/22/16	5007	884598	889604	27903	3	7	10	93	10	3	106	27795	2
1/23/16	4928	889605	894532	13722	5	2	7	79	10	0	89	13632	1
1/24/16	5168	894533	899700	17649	5	0	5	83	11	0	94	17552	3
1/25/16	4881	899701	904581	30374	10	3	13	73	10	0	83	30291	0
1/26/16	5152	904582	909733	26845	3	1	4	60	13	0	73	26770	2
1/27/16	4983	909734	914716	47294	20	659	679	81	22	6	109	47182	3
1/28/16	5059	914717	919775	65902	11	146	157	72	10	1	83	65818	1
1/29/16	4981	919776	924756	38755	14	163	177	72	11	0	83	38672	0
1/30/16	5017	924757	929773	27997	13	5	18	64	10	3	77	27920	0
1/31/16	4872	929774	934645	24533	3	30	33	74	24	0	98	24433	2
2/1/16	5015	934646	939660	21615	12	29	41	77	13	0	90	21523	2
2/2/16	4955	939661	944615	22872	12	22	34	49	10	0	59	22813	0
2/3/16	5199	944616	949814	22200	5	22	27	56	11	0	67	22133	0
2/4/16	5062	949815	954876	22395	0	20	20	98	10	0	108	22285	2
2/5/16	5046	954877	959922	22989	3	25	28	109	10	0	119	22858	12
2/6/16	4987	959923	964909	108443	19	25	44	80	10	1	91	108336	16
2/7/16	5087	964910	969996	21239	4	3	7	45	0	0	45	21193	1
2/8/16	5071	969997	975067	22263	15	22	37	119	12	2	133	22129	1
2/9/16	5055	975068	980122	22097	2	20	22	64	11	0	75	22018	4
2/10/16	4961	980123	985083	22994	13	11	24	60	4	2	66	22927	1
2/11/16	5019	985084	990102	28398	15	15	30	368	0	8	376	28021	1
2/12/16	5033	990103	995135	25802	20	13	33	105	1	3	109	25688	5
2/13/16	5093	995136	1000228	29228	5	22	27	80	11	0	91	29136	1
2/14/16	4990	1000229	1005218	25241	7	20	27	53	10	0	63	25178	0
2/15/16	4975	1005219	1010193	23362	11	29	40	63	10	0	73	23288	1
2/16/16	5025	1010194	1015218	23110	27	56	83	91	11	0	102	23005	3
2/17/16	4857	1015219	1020075	38119	47	29	76	89	10	0	99	38012	8
2/18/16	4999	1020076	1025074	24734	30	24	54	74	20	0	94	24638	2
2/19/16	5033	1025075	1030107	24003	26	23	49	624	11	0	635	23367	1
2/20/16	5051	1030108	1035158	22938	34	35	69	50	10	0	60	22876	2
2/21/16	5055	1035159	1040213	22227	17	27	44	138	15	0	153	22073	1
2/22/16	5103	1040214	1045316	24412	30	25	55	94	11	0	105	24305	2
2/23/16	4969	1045317	1050285	25040	404	20	424	124	15	1	140	24899	1
2/24/16	5029	1050286	1055314	24484	700	23	723	64	11	0	75	24403	6
2/25/16	5128	1055315	1060442	25809	17	23	40	91	21	0	112	25695	2
2/26/16	5055	1060443	1065497	32313	32	24	56	684	11	10	705	31606	2
2/27/16	4992	1065498	1070489	24478	24	40	64	74	10	4	88	24389	1
2/28/16	5029	1070490	1075518	23377	26	21	47	107	10	2	119	23247	11
2/29/16	4820	1075519	1080338	25307	27	24	51	193	10	19	222	25080	5
3/1/16	5052	1080339	1085390	27135	21	35	56	106	11	8	125	27009	1
3/2/16	5086	1085391	1090476	29127	15	24	39	73	10	4	87	29039	1
3/3/16	5014	1090477	1095490	30315	24	26	50	86	11	0	97	30217	1
3/4/16	4994	1095491	1100484	28597	13	22	35	128	10	0	138	28453	6
3/5/16	5138	1100485	1105622	29844	14	32	46	159	11	0	170	29666	8
3/6/16	4907	1105623	1110529	39260	15	27	42	111	10	2	123	39133	4
3/7/16	5026	1110530	1115555	26680	15	20	35	93	10	0	103	26572	5
3/8/16	5017	1115556	1120572	27543	11	22	33	155	11	0	166	27374	3
3/9/16	4989	1120573	1125561	28252	8	22	30	183	10	0	193	28055	4
3/10/16	5196	1125562	1130757	28059	33	29	62	87	11	0	98	27959	2
3/11/16	5065	1130758	1135822	27534	20	22	42	82	10	0	92	27437	5
3/12/16	5023	1135823	1140845	34823	103	26	129	88	20	0	108	34711	4
3/13/16	5186	1140846	1146031	34526	26	23	49	112	10	1	123	34399	4
3/14/16	5108	1146032	1151139	37490	12	32	44	169	14	0	183	37304	3
3/15/16	5979	1151140	1157118	36551	46	29	75	121	41	3	165	36381	5
3/16/16	6025	1157119	1163143	36636	41	29	70	134	15	4	153	36482	1
3/17/16	6082	1163144	1169225	52215	24	24	48	82	12	4	98	52112	5
3/18/16	5962	1169226	1175187	44758	24	28	52	93	23	3	119	44639	0
3/19/16	6082	1175188	1181269	41464	17	31	48	64	12	3	79	41385	0
3/20/16	6027	1181270	1187296	39471	18	27	45	136	13	7	156	39304	11
3/21/16	5994	1187297	1193290	50753	17	27	44	182	12	2	196	50554	3
3/22/16	6071	1193291	1199361	71855	32	26	58	77	51	1	129	71724	2
3/23/16	5974	1199362	1205335	47965	22	24	46	223	12	1	236	47724	5
3/24/16	6101	1205336	1211436	94229	28	39	67	242	13	0	255	93971	3
3/25/16	6066	1211437	1217502	61950	25	27	52	97	13	0	110	61837	3
3/26/16	6095	1217503	1223597	80032	40	29	69	109	12	0	121	79905	6
3/27/16	6046	1223598	1229643	37587	24	27	51	78	13	1	92	37493	2
3/28/16	5999	1229644	1235642	82237	41	26	67	105	23	0	128	82103	6
3/29/16	6010	1235643	1241652	43470	80	33	113	112	98	7	217	43248	5
3/30/16	6047	1241653	1247699	69595	269	30	299	118	525	2	645	68943	7
3/31/16	6021	1247700	1253720	41481	35	34	69	861	15	1	877	40572	32
4/1/16	6081	1253721	1259801	71090	34	70	104	126	12	0	138	70941	11
4/2/16	5936	1259802	1265737	36600	26	29	55	203	13	0	216	36376	8
4/3/16	6035	1265738	1271772	37126	11	25	36	108	13	1	122	36989	15
4/4/16	6086	1271773	1277858	73379	380	29	409	110	15	0	125	73246	8
4/5/16	6033	1277859	1283891	86891	75	25	100	128	12	4	144	86737	10
4/6/16	6004	1283892	1289895	46415	314	26	340	99	13	2	114	46301	0
4/7/16	5953	1289896	1295848	57612	74	28	102	137	17	0	154	57454	4
4/8/16	6102	1295849	1301950	81468	18	33	51	96	19	3	118	81347	3
4/9/16	5933	1301951	1307883	47017	20	52	72	64	16	0	80	46930	7
4/10/16	6065	1307884	1313948	39714	11	32	43	76	13	0	89	39625	0
4/11/16	5937	1313949	1319885	37101	8	42	50	100	13	0	113	36983	5
4/12/16	6015	1319886	1325900	61474	9	37	46	81	13	0	94	61376	4
4/13/16	6015	1325901	1331915	55557	437	29	466	60	16	3	79	55472	6
4/14/16	6021	1331916	1337936	50580	18	24	42	65	13	0	78	50498	4
4/15/16	6059	1337937	1343995	74201	20	31	51	64	15	0	79	74119	3
4/16/16	6019	1343996	1350014	34821	8	28	36	51	13	0	64	34754	3
4/17/16	6015	1350015	1356029	43999	17	24	41	44	15	0	59	43939	1
4/18/16	6055	1356030	1362084	50244	35	27	62	56	15	0	71	50169	4
4/19/16	5969	1362085	1368053	46329	7	24	31	45	12	0	57	46264	8
4/20/16	6050	1368054	1374103	48362	28	30	58	101	13	0	114	48227	21
4/21/16	5990	1374104	1380093	49016	10	26	36	999	15	1	1015	47997	4
4/22/16	6031	1380094	1386124	36388	41	30	71	64	13	28	105	36282	1
4/23/16	6051	1386125	1392175	35457	9	27	36	76	12	6	94	35359	4
4/24/16	5981	1392176	1398156	59416	16	26	42	70	18	6	94	59322	0
4/25/16	6104	1398157	1404260	60123	35	31	66	102	18	3	123	59995	5
4/26/16	5952	1404261	1410212	43399	254	37	291	85	14	2	101	43287	11
4/27/16	6062	1410213	1416274	39274	580	52	632	72	12	3	87	39176	11
4/28/16	6030	1416275	1422304	51872	911	54	965	91	15	1	107	51752	13
4/29/16	6030	1422305	1428334	51306	1223	113	1336	55	37	0	92	51211	3
4/30/16	6058	1428335	1434392	55549	1446	315	1761	93	50	0	143	55406	0
5/1/16	5942	1434393	1440334	57208	1273	38	1311	1135	14	1	1150	56058	0
5/2/16	6080	1440335	1446414	47113	485	42	527	93	14	1	108	47001	4
5/3/16	6054	1446415	1452468	43694	204	41	245	120	13	0	133	43557	4
5/4/16	5980	1452469	1458448	53553	149	58	207	151	19	0	170	53375	8
5/5/16	6037	1458449	1464485	69712	1571	1437	3008	143	23	0	166	69544	2
5/6/16	6022	1464486	1470507	116388	964	816	1780	165	34	1	200	116187	1
5/7/16	5988	1470508	1476495	43530	217	43	260	63	64	6	133	43396	1
5/8/16	6051	1476496	1482546	67258	169	38	207	103	13	0	116	67140	2
5/9/16	6044	1482547	1488590	46905	276	39	315	136	16	3	155	46739	11
5/10/16	6012	1488591	1494602	49672	311	49	360	112	14	6	132	49534	6
5/11/16	5914	1494603	1500516	50011	335	49	384	159	183	3	345	49661	5
5/12/16	6099	1500517	1506615	86031	479	48	527	167	72	5	244	85785	2
5/13/16	6064	1506616	1512679	60708	612	43	655	152	265	0	417	60289	2
5/14/16	5958	1512680	1518637	79284	559	49	608	95	28	1	124	79160	0
5/15/16	6015	1518638	1524652	66861	271	33	304	86	16	1	103	66755	3
5/16/16	5961	1524653	1530613	63106	231	67	298	273	23	1	297	62807	2
5/17/16	6071	1530614	1536684	49706	263	64	327	290	20	0	310	49396	0
5/18/16	6063	1536685	1542747	67247	249	227	476	273	35	0	308	66937	2
5/19/16	6011	1542748	1548758	64878	214	535	749	162	57	2	221	64657	0
5/20/16	6037	1548759	1554795	68606	270	328	598	218	102	4	324	68274	8
5/21/16	5981	1554796	1560776	64174	215	545	760	1894	17	0	1911	62263	0
5/22/16	6084	1560777	1566860	45325	155	599	754	460	36	2	498	44819	8
5/23/16	6013	1566861	1572873	49713	290	242	532	151	29	0	180	49527	6
5/24/16	6010	1572874	1578883	49862	208	317	525	126	20	0	146	49714	2
5/25/16	6029	1578884	1584912	64623	247	796	1043	161	32	1	194	64426	3
5/26/16	6019	1584913	1590931	61415	310	226	536	197	135	3	335	61075	5
5/27/16	6045	1590932	1596976	58653	593	279	872	476	19	1	496	58151	6
5/28/16	6019	1596977	1602995	104381	927	298	1225	1907	50	0	1957	102424	0
5/29/16	6001	1602996	1608996	54813	552	1575	2127	598	230	1	829	53982	2
5/30/16	6007	1608997	1615003	55777	398	564	962	236	73	0	309	55463	5
5/31/16	5936	1615004	1620939	50432	267	419	686	212	73	0	285	50146	1
6/1/16	6039	1620940	1626978	47594	157	397	554	283	87	0	370	47212	12
6/2/16	6072	1626979	1633050	45173	103	216	319	196	89	3	288	44884	1
6/3/16	6029	1633051	1639079	44865	155	350	505	119	64	2	185	44680	0
6/4/16	6016	1639080	1645095	47270	122	230	352	124	64	0	188	47081	1
6/5/16	5963	1645096	1651058	41870	168	342	510	142	102	0	244	41623	3
6/6/16	6108	1651059	1657166	43746	87	239	326	438	62	1	501	43244	1
6/7/16	5990	1657167	1663156	89926	158	379	537	132	151	1	284	89640	2
6/8/16	6091	1663157	1669247	57562	186	383	569	143	240	1	384	57177	1
6/9/16	6092	1669248	1675339	47845	161	239	400	282	300	7	589	47256	0
6/10/16	5902	1675340	1681241	49116	151	368	519	97	773	0	870	48245	1
6/11/16	6114	1681242	1687355	42133	103	149	252	125	839	0	964	41168	1
6/12/16	6065	1687356	1693420	47247	109	218	327	194	719	2	915	46330	2
6/13/16	6084	1693421	1699504	56541	152	251	403	414	1879	5	2298	54240	3
6/14/16	6035	1699505	1705539	75362	405	624	1029	476	647	2	1125	74237	0
6/15/16	6007	1705540	1711546	65497	372	704	1076	189	247	3	439	65058	0
6/16/16	6015	1711547	1717561	51278	86	100	186	604	1945	1	2550	48726	2
6/17/16	5849	1717562	1723410	206320	469	327	796	2822	4076	8	6906	199410	4
6/18/16	5889	1723411	1729299	74315	446	375	821	5332	4999	0	10331	63976	8
6/19/16	6222	1729300	1735521	58237	101	139	240	449	2606	5	3060	55175	2
6/20/16	5949	1735522	1741470	69261	162	103	265	419	2656	2	3077	66182	2
6/21/16	5999	1741471	1747469	117299	295	2819	3114	230	1522	2	1754	115533	12
6/22/16	6139	1747470	1753608	69353	275	406	681	262	2351	0	2613	66736	4
6/23/16	6003	1753609	1759611	48384	239	130	369	670	798	1	1469	46914	1
6/24/16	6042	1759612	1765653	61662	160	141	301	191	1621	35	1847	59811	4
6/25/16	5998	1765654	1771651	41481	98	98	196	153	651	2	806	40673	2
6/26/16	6052	1771652	1777703	45519	42	82	124	97	826	3	926	44588	5
6/27/16	6052	1777704	1783755	45839	89	133	222	132	833	3	968	44864	7
6/28/16	6067	1783756	1789822	48811	91	119	210	166	975	0	1141	47654	16
6/29/16	5991	1789823	1795813	54401	86	91	177	190	884	0	1074	53317	10
6/30/16	5985	1795814	1801798	67153	111	48	159	133	379	0	512	66628	13
7/1/16	6127	1801799	1807925	44620	50	44	94	533	792	0	1325	43290	5
7/2/16	6003	1807926	1813928	44825	19	53	72	71	439	0	510	44314	1
7/3/16	6045	1813929	1819973	46504	104	112	216	136	1050	1	1187	45316	1
7/4/16	6067	1819974	1826040	48040	38	68	106	125	613	0	738	47287	15
7/5/16	5949	1826041	1831989	48908	54	332	386	760	493	4	1257	47646	5
7/6/16	6088	1831990	1838077	42664	40	111	151	182	669	8	859	41797	8
7/7/16	6036	1838078	1844113	44587	69	95	164	103	679	1	783	43799	5
7/8/16	5996	1844114	1850109	61271	80	112	192	295	645	1	941	60330	0
7/9/16	6126	1850110	1856235	46226	145	242	387	513	1441	1	1955	44266	5
7/10/16	6046	1856236	1862281	42849	69	77	146	116	945	1	1062	41785	2
7/11/16	6029	1862282	1868310	46527	91	68	159	148	284	4	436	46082	9
7/12/16	6006	1868311	1874316	44906	49	39	88	1213	199	1	1413	43489	4
7/13/16	6086	1874317	1880402	41241	44	182	226	167	583	4	754	40471	16
7/14/16	6001	1880403	1886403	67044	29	207	236	215	760	1	976	66064	4
7/15/16	5988	1886404	1892391	46406	62	50	112	118	1233	1	1352	45053	1
7/16/16	6081	1892392	1898472	41490	60	34	94	63	565	0	628	40861	1
7/17/16	6029	1898473	1904501	36823	10	27	37	63	220	2	285	36536	2
7/18/16	6109	1904502	1910610	46821	46	80	126	83	342	8	433	46386	2
7/19/16	5970	1910611	1916580	53618	29	61	90	94	761	4	859	52755	4
7/20/16	5946	1916581	1922526	61617	232	305	537	953	1837	3	2793	58819	5
7/21/16	6154	1922527	1928680	57753	146	174	320	192	686	3	881	56869	3
7/22/16	5957	1928681	1934637	55855	151	127	278	165	1308	5	1478	54373	4
7/23/16	6093	1934638	1940730	61066	147	99	246	71	960	12	1043	60020	3
7/24/16	5937	1940731	1946667	76369	192	252	444	87	146	6	239	76123	7
7/25/16	6030	1946668	1952697	74066	230	163	393	159	653	6	818	73246	2
7/26/16	5809	1952698	1958506	80545	208	198	406	228	573	1	802	79742	1
7/27/16	6175	1958507	1964681	72557	244	221	465	1043	557	0	1600	70956	1
7/28/16	6081	1964682	1970762	117666	330	2272	2602	208	391	3	602	117061	3
7/29/16	5979	1970763	1976741	130838	150	168	318	307	118	6	431	130406	1
7/30/16	5981	1976742	1982722	76609	113	84	197	85	145	1	231	76377	1
7/31/16	6029	1982723	1988751	63595	100	75	175	87	116	0	203	63389	3
8/1/16	5961	1988752	1994712	66080	849	119	968	59	226	0	285	65791	4
8/2/16	5894	1994713	2000606	70484	156	101	257	168	164	1	333	70147	4
8/3/16	5984	2000607	2006590	70924	141	413	554	113	215	19	347	70576	1
8/4/16	6192	2006591	2012782	66149	91	109	200	199	91	3	293	65848	8
8/5/16	6065	2012783	2018847	58295	63	90	153	123	146	0	269	58023	3
8/6/16	5978	2018848	2024825	56472	50	52	102	110	41	0	151	56321	0
8/7/16	6077	2024826	2030902	62836	58	66	124	73	121	2	196	62640	0
8/8/16	6059	2030903	2036961	165879	92	161	253	191	383	4	578	165289	12
8/9/16	6130	2036962	2043091	68041	104	144	248	346	94	16	456	67583	2
8/10/16	6054	2043092	2049145	64186	64	102	166	395	333	2	730	63450	6
8/11/16	6068	2049146	2055213	66010	54	65	119	320	65	0	385	65625	0
8/12/16	6014	2055214	2061227	59842	49	66	115	334	148	0	482	59359	1
8/13/16	6032	2061228	2067259	57118	61	56	117	197	68	0	265	56853	0
8/14/16	6034	2067260	2073293	54686	47	54	101	32	47	0	79	54606	1
8/15/16	6090	2073294	2079383	59557	73	83	156	67	60	2	129	59425	3
8/16/16	6054	2079384	2085437	66754	79	94	173	68	93	1	162	66588	4
8/17/16	6009	2085438	2091446	61755	106	55	161	62	138	0	200	61553	2
8/18/16	6100	2091447	2097546	68754	293	78	371	68	111	0	179	68575	0
8/19/16	6014	2097547	2103560	63450	171	87	258	55	61	0	116	63328	6
8/20/16	6055	2103561	2109615	56553	135	74	209	60	61	5	126	56425	2
8/21/16	6084	2109616	2115699	60155	144	48	192	75	247	0	322	59833	0
8/22/16	6078	2115700	2121777	62986	156	68	224	89	107	0	196	62788	2
8/23/16	6015	2121778	2127792	78902	100	74	174	400	226	2	628	78270	4
8/24/16	6053	2127793	2133845	62389	66	77	143	97	83	0	180	62200	9
8/25/16	6094	2133846	2139939	65013	154	83	237	105	60	1	166	64844	3
8/26/16	6006	2139940	2145945	63598	217	61	278	46	45	0	91	63505	2
8/27/16	6076	2145946	2152021	61085	161	57	218	49	31	0	80	61004	1
8/28/16	6035	2152022	2158056	60075	182	58	240	27	22	0	49	60025	1
8/29/16	6014	2158057	2164070	62177	222	71	293	60	33	9	102	62073	2
8/30/16	6026	2164071	2170096	64675	244	174	418	102	41	5	148	64524	3
8/31/16	6073	2170097	2176169	64303	265	121	386	73	116	2	191	64112	0
9/1/16	5989	2176170	2182158	64064	287	135	422	56	311	9	376	63686	2
9/2/16	6088	2182159	2188246	79507	695	91	786	95	162	2	259	79246	2
9/3/16	5949	2188247	2194195	59445	154	49	203	27	100	0	127	59318	0
9/4/16	6023	2194196	2200218	63234	138	53	191	62	200	0	262	62972	0
9/5/16	6076	2200219	2206294	57346	160	63	223	210	104	3	317	57029	0
9/6/16	5993	2206295	2212287	64797	366	83	449	81	62	133	276	64521	0
9/7/16	6118	2212288	2218405	65414	263	100	363	114	35	40	189	65225	0
9/8/16	6016	2218406	2224421	73526	281	75	356	135	32	3	170	73355	1
9/9/16	6074	2224422	2230495	69165	773	85	858	410	44	1	455	68710	0
9/10/16	5999	2230496	2236494	56899	140	54	194	278	31	2	311	56588	0
9/11/16	6093	2236495	2242587	59196	230	61	291	54	34	0	88	59107	1
9/12/16	6063	2242588	2248650	63565	218	90	308	802	81	1	884	62679	2
9/13/16	6003	2248651	2254653	58378	174	73	247	92	42	0	134	58241	3
9/14/16	6091	2254654	2260744	68987	160	71	231	166	84	0	250	68735	2
9/15/16	6031	2260745	2266775	67042	299	147	446	100	91	2	193	66847	2
9/16/16	6065	2266776	2272840	74340	801	80	881	197	52	2	251	74089	0
9/17/16	6044	2272841	2278884	70734	609	243	852	46	40	0	86	70648	0
9/18/16	5598	2278885	2284482	326243	599	266258	266857	157	27	2	186	326057	0
9/19/16	6409	2284483	2290891	1682199	63	1563718	1563781	27	28	1	56	1682142	1
9/20/16	6167	2290892	2297058	76214	96	54	150	100	66	0	166	76048	0
9/21/16	6062	2297059	2303120	64623	118	68	186	238	56	0	294	64327	2
9/22/16	5746	2303121	2308866	308324	383	126261	126644	62	49	1	112	308211	1
9/23/16	6226	2308867	2315092	137196	927	90682	91609	11	25	2	38	137158	0
9/24/16	5877	2315093	2320969	132665	4842	76983	81825	113	27	10	150	132515	0
9/25/16	6267	2320970	2327236	65806	989	5137	6126	49	44	23	116	65690	0
9/26/16	5843	2327237	2333079	7470877	1058	34	1092	63	24	3	90	7470787	0
9/27/16	6053	2333080	2339132	59610	1667	36	1703	40	78	6	124	59486	0
9/28/16	6106	2339133	2345238	84897	210	22871	23081	68	84	3	155	84741	1
9/29/16	6126	2345239	2351364	97555	108	34320	34428	411	98	3	512	97040	3
9/30/16	6008	2351365	2357372	186917	276	133596	133872	58	49	188	295	186619	3
10/1/16	5780	2357373	2363152	43950523	7485	43704824	43712309	27	36	16	79	43950444	0
10/2/16	6068	2363153	2369220	40861743	7464	40461540	40469004	156	40	29	225	40861518	0
10/3/16	6204	2369221	2375424	10924126	1105	1912061	1913166	602	41	14	657	10923468	1
10/4/16	6077	2375425	2381501	4794617	653	1477291	1477944	22579	13	9	22601	3683182	1088834
10/5/16	5817	2381502	2387318	24923269	1796	15915100	15916896	827	33	16	876	20804450	4117943
10/6/16	5953	2387319	2393271	1298583	427	508349	508776	924	19	6	949	966038	331596
10/7/16	5887	2393272	2399158	718292	1205	316032	317237	181	34	5	220	656536	61536
10/8/16	6200	2399159	2405358	10381097	1473	10099008	10100481	580	23	1	604	10380493	0
10/9/16	6049	2405359	2411407	23396471	1366	23190666	23192032	694	25	4	723	23395748	0
10/10/16	6041	2411408	2417448	11028564	845	10835107	10835952	1211	21	2	1234	11012327	15003
10/11/16	6050	2417449	2423498	5049298	170	280587	280757	482	3619	11	4112	2698625	2346561
10/12/16	5910	2423499	2429408	14855103	70	24	94	57	6895	2	6954	7443048	7405101
10/13/16	6114	2429409	2435522	10652918	15	13	28	29	14762	2	14793	5337485	5300640
10/14/16	6079	2435523	2441601	6294124	367	16	383	47	11005	1	11053	3167266	3115805
10/15/16	6027	2441602	2447628	1441096	9043	13	9056	1	2216	9	2226	739864	699006
10/16/16	6055	2447629	2453683	2379830	307	17	324	0	3645	8	3653	1211057	1165120
10/17/16	5959	2453684	2459642	2168574	432	70	502	15	3308	36	3359	1107295	1057920
10/18/16	6119	2459643	2465761	1796878	1246	6836	8082	201	2936	31	3168	938348	855362
10/19/16	5774	2465762	2471535	50989	8416	104	8520	241	25	19	285	50700	4
10/20/16	6298	2471536	2477833	57698	2656	35	2691	103	5	4	112	57583	3
10/21/16	6097	2477834	2483930	82484	136	53	189	38	5	4	47	82437	0
10/22/16	6041	2483931	2489971	55078	92	14	106	253	3	12	268	54809	1
10/23/16	5993	2489972	2495964	49969	114	11	125	53	3	2	58	49911	0
10/24/16	6065	2495965	2502029	70067	155	29	184	106	18	1	125	69942	0
10/25/16	6028	2502030	2508057	64936	204	48	252	1057	10	2	1069	63866	1
10/26/16	6096	2508058	2514153	61510	90	45	135	359	2	7	368	61142	0
10/27/16	6018	2514154	2520171	61076	332	236	568	189	18	2	209	60867	0
10/28/16	5943	2520172	2526114	58537	99	49	148	140	310	1	451	58086	0
10/29/16	5668	2526115	2531782	53554	115	46	161	57	13	4	74	53480	0
10/30/16	6059	2531783	2537841	50911	126	65	191	171	22	2	195	50716	0
10/31/16	6092	2537842	2543933	59892	136	55	191	121	27	6	154	59738	0
11/1/16	5839	2543934	2549772	65096	358	114	472	492	29	7	528	64567	1
11/2/16	5952	2549773	2555724	56736	90	60	150	80	14	3	97	56638	1
11/3/16	5950	2555725	2561674	56075	91	94	185	65	9	6	80	55995	0
11/4/16	5904	2561675	2567578	43036	62	96	158	56	10	2	68	42968	0
11/5/16	5996	2567579	2573574	48273	74	49	123	69	20	2	91	48182	0
11/6/16	6054	2573575	2579628	45761	80	55	135	69	21	4	94	45667	0
11/7/16	6315	2579629	2585943	56056	44	55	99	57	14	4	75	55977	4
11/8/16	6159	2585944	2592102	59668	86	75	161	125	25	4	154	59514	0
11/9/16	5924	2592103	2598026	65610	276	35	311	135	37	8	180	65430	0
11/10/16	5966	2598027	2603992	56439	534	70	604	433	15	6	454	55984	1
11/11/16	5992	2603993	2609984	58751	1021	98	1119	81	65	8	154	58596	1
11/12/16	6086	2609985	2616070	55131	529	39	568	80	19	8	107	55020	4
11/13/16	6203	2616071	2622273	62414	589	41	630	89	67	9	165	62249	0
11/14/16	6067	2622274	2628340	59409	523	78	601	251	43	21	315	59084	10
11/15/16	6006	2628341	2634346	62135	576	122	698	166	31	3	200	61935	0
11/16/16	6045	2634347	2640391	58826	512	86	598	272	27	1	300	58524	2
11/17/16	5868	2640392	2646259	55232	531	108	639	98	18	0	116	55116	0
11/18/16	6289	2646260	2652548	58182	572	177	749	190	32	7	229	57951	2
11/19/16	6150	2652549	2658698	52851	593	28	621	58	18	2	78	52771	2
11/20/16	6179	2658699	2664877	57004	667	80	747	197	21	16	234	56766	4
11/21/16	6073	2664878	2670950	59180	647	282	929	544	25	9	578	58596	6
11/22/16	5922	2670951	2676872	165422	695	316	1011	98	20	2	120	165301	1
11/23/16	5837	2676873	2682709	2238075	486	24	510	87	16	11	114	2237960	1
11/24/16	5914	2682710	2688623	1561636	89	103	192	122	401	14	537	1561091	8
11/25/16	6111	2688624	2694734	1749306	2394	52	2446	519	5907	466	6892	1742410	4
11/26/16	5938	2694735	2700672	2281580	108	12	120	53	1496	6	1555	2280023	2
11/27/16	5945	2700673	2706617	4220323	66	15	81	63	1023	0	1086	4219217	20
11/28/16	6042	2706618	2712659	4387254	250	123	373	102	14	0	116	4387121	17
11/29/16	5988	2712660	2718647	3317296	804	34	838	93	62	3	158	3317096	42
11/30/16	6061	2718648	2724708	193248	749	82	831	109	25	3	137	193107	4
12/1/16	6057	2724709	2730765	53115	193	43	236	124	35	3	162	52950	3
12/2/16	6075	2730766	2736840	52807	223	27	250	82	601	1	684	52122	1
12/3/16	6160	2736841	2743000	54074	788	29	817	72	2284	0	2356	51718	0
12/4/16	5983	2743001	2748983	59326	800	49	849	56	2494	0	2550	56774	2
12/5/16	6004	2748984	2754987	58646	817	67	884	130	2953	5	3088	55557	1
12/6/16	6089	2754988	2761076	64394	903	20	923	160	267	1	428	63963	3
12/7/16	6073	2761077	2767149	53931	194	63	257	205	19	0	224	53706	1
12/8/16	6125	2767150	2773274	51795	757	48	805	139	20	2	161	51634	0
12/9/16	6050	2773275	2779324	54630	839	43	882	274	16	3	293	54337	0
12/10/16	6075	2779325	2785399	52847	829	3	832	75	1234	7	1316	51524	7
12/11/16	6098	2785400	2791497	51651	838	19	857	343	26	11	380	51270	1
12/12/16	5999	2791498	2797496	50091	286	41	327	188	22	1	211	49879	1
12/13/16	6070	2797497	2803566	56751	193	33	226	153	26	2	181	56570	0
12/14/16	6080	2803567	2809646	59307	880	50	930	120	30	2	152	59154	1
12/15/16	6001	2809647	2815647	56739	893	26	919	89	12	3	104	56634	1
12/16/16	6075	2815648	2821722	54268	881	18	899	53	62	0	115	54153	0
12/17/16	6116	2821723	2827838	49918	912	15	927	841	14	0	855	49063	0
12/18/16	6096	2827839	2833934	47527	929	23	952	177	9	2	188	47339	0
12/19/16	6032	2833935	2839966	58896	603	41	644	536	42	2	580	58304	12
12/20/16	6069	2839967	2846035	55370	499	27	526	128	104	9	241	55085	44
12/21/16	6070	2846036	2852105	64481	1054	41	1095	123	42	17	182	64269	30
12/22/16	5956	2852106	2858061	69313	978	23	1001	88	26	4	118	69164	31
12/23/16	5954	2858062	2864015	55332	971	52	1023	87	9	2	98	55234	0
12/24/16	6006	2864016	2870021	48123	937	1	938	82	16	1	99	48024	0
12/25/16	6127	2870022	2876148	44911	953	42	995	55	9	0	64	44846	1
12/26/16	6066	2876149	2882214	44544	332	78	410	87	19	4	110	44432	2
12/27/16	5998	2882215	2888212	54363	1046	51	1097	244	26	6	276	54065	22
12/28/16	6056	2888213	2894268	52838	1074	48	1122	159	14	2	175	52661	2
12/29/16	6082	2894269	2900350	57543	1155	31	1186	302	37	7	346	57194	3
12/30/16	6063	2900351	2906413	54269	1182	44	1226	198	56	17	271	53936	62
12/31/16	5993	2906414	2912406	51635	428	9	437	244	101	109	454	51181	0
1/1/17	6111	2912407	2918517	47457	121	5	126	51	42	90	183	47274	0
1/2/17	6058	2918518	2924575	51125	167	6	173	91	27	125	243	50882	0
1/3/17	6035	2924576	2930610	80797	585	60	645	108	53	9	170	80624	3
1/4/17	6141	2930611	2936751	64629	85	50	135	200	135	5	340	64288	1
1/5/17	6091	2936752	2942842	62425	66	28	94	159	46	2	207	62213	5
1/6/17	6009	2942843	2948851	56043	108	10	118	329	51	3	383	55656	4
1/7/17	6108	2948852	2954959	55968	164	13	177	280	18	1	299	55669	0
1/8/17	6074	2954960	2961033	57844	278	33	311	205	30	0	235	57608	1
1/9/17	6082	2961034	2967115	59993	278	69	347	142	130	11	283	59708	2
1/10/17	6030	2967116	2973145	64941	327	82	409	132	77	10	219	64719	3
1/11/17	6047	2973146	2979192	57481	1103	76	1179	150	62	9	221	57260	0
1/12/17	6056	2979193	2985248	64213	1375	112	1487	508	61	202	771	63442	0
1/13/17	6106	2985249	2991354	63014	1390	61	1451	758	64	234	1056	61957	1
1/14/17	6067	2991355	2997421	51863	1299	48	1347	676	17	115	808	51055	0
1/15/17	6085	2997422	3003506	51484	1275	13	1288	236	13	3	252	51232	0
1/16/17	6052	3003507	3009558	56753	1378	39	1417	76	12	9	97	56656	0
1/17/17	6002	3009559	3015560	60688	1200	72	1272	107	112	1	220	60468	0
1/18/17	6065	3015561	3021625	59707	1189	40	1229	291	34	0	325	59382	0
1/19/17	6158	3021626	3027783	57716	233	41	274	160	22	3	185	57530	1
1/20/17	5963	3027784	3033746	62743	355	36	391	427	25	4	456	62287	0
1/21/17	6046	3033747	3039792	57080	1259	7	1266	84	24	0	108	56972	0
1/22/17	6065	3039793	3045857	60268	1381	21	1402	84	21	6	111	60153	4
1/23/17	6048	3045858	3051905	60823	1274	30	1304	286	51	6	343	60477	3
1/24/17	6037	3051906	3057942	65698	1378	37	1415	134	56	7	197	65498	3
1/25/17	6010	3057943	3063952	63885	972	83	1055	119	45	29	193	63691	1
1/26/17	6081	3063953	3070033	63383	110	83	193	482	26	10	518	62864	1
1/27/17	5985	3070034	3076018	61690	61	122	183	242	28	1	271	61419	0
1/28/17	6063	3076019	3082081	58878	77	62	139	450	14	9	473	58405	0
1/29/17	5960	3082082	3088041	56296	88	144	232	147	16	1	164	56132	0
1/30/17	6094	3088042	3094135	61354	123	159	282	492	13	20	525	60829	0
1/31/17	6018	3094136	3100153	57052	107	191	298	77	25	0	102	56950	0
2/1/17	6009	3100154	3106162	60784	136	198	334	177	118	33	328	60455	1
2/2/17	6047	3106163	3112209	60966	167	277	444	188	42	5	235	60729	2
2/3/17	5990	3112210	3118199	59453	492	250	742	135	42	6	183	59270	0
2/4/17	6078	3118200	3124277	61114	388	251	639	296	28	5	329	60785	0
2/5/17	6077	3124278	3130354	60804	352	112	464	118	33	8	159	60645	0
2/6/17	6050	3130355	3136404	60721	411	300	711	114	31	2	147	60572	2
2/7/17	5998	3136405	3142402	67207	445	270	715	267	92	25	384	66822	1
2/8/17	6067	3142403	3148469	65985	132	101	233	637	44	22	703	65276	6
2/9/17	6029	3148470	3154498	75600	97	93	190	125	37	1	163	75432	5
2/10/17	6040	3154499	3160538	89373	138	153	291	120	36	16	172	89196	5
2/11/17	6038	3160539	3166576	70431	102	39	141	225	12	22	259	70171	1
2/12/17	6059	3166577	3172635	66272	122	42	164	489	22	24	535	65737	0
2/13/17	6070	3172636	3178705	78546	222	184	406	170	91	2	263	78282	1
2/14/17	6023	3178706	3184728	79266	174	60	234	185	83	5	273	78990	3
2/15/17	6089	3184729	3190817	80301	415	221	636	151	182	5	338	79959	4
2/16/17	6052	3190818	3196869	68517	100	45	145	124	37	11	172	68339	6
2/17/17	6012	3196870	3202881	66983	64	98	162	119	111	10	240	66741	2
2/18/17	5999	3202882	3208880	66524	77	39	116	868	90	12	970	65554	0
2/19/17	6019	3208881	3214899	61593	69	44	113	205	23	16	244	61346	3
2/20/17	6015	3214900	3220914	66084	116	73	189	198	89	6	293	65787	4
2/21/17	6052	3220915	3226966	75273	117	138	255	743	256	18	1017	74254	2
2/22/17	5968	3226967	3232934	70620	85	45	130	243	230	7	480	70140	0
2/23/17	6019	3232935	3238953	63551	102	55	157	159	159	24	342	63205	4
2/24/17	6011	3238954	3244964	70192	54	109	163	147	74	5	226	69965	1
2/25/17	6039	3244965	3251003	78985	80	48	128	92	15	8	115	78866	4
2/26/17	6089	3251004	3257092	65675	56	39	95	103	26	14	143	65530	2
2/27/17	5988	3257093	3263080	74258	129	141	270	192	29	12	233	74024	1
2/28/17	6107	3263081	3269187	79898	242	131	373	160	38	14	212	79681	5
3/1/17	5958	3269188	3275145	79040	147	1693	1840	1168	38	8	1214	77824	2
3/2/17	6061	3275146	3281206	87564	213	166	379	352	38	16	406	87156	2
3/3/17	6006	3281207	3287212	83396	99	61	160	495	8	14	517	82879	0
3/4/17	5985	3287213	3293197	73344	130	85	215	100	5	10	115	73227	2
3/5/17	6073	3293198	3299270	70846	187	89	276	549	13	19	581	70265	0
3/6/17	5977	3299271	3305247	71519	113	99	212	110	6	3	119	71399	1
3/7/17	5978	3305248	3311225	75089	133	53	186	92	4	11	107	74982	0
3/8/17	6016	3311226	3317241	69617	212	90	302	129	11	19	159	69457	1
3/9/17	5928	3317242	3323169	82247	139	123	262	197	7	12	216	82027	4
3/10/17	5953	3323170	3329122	83608	135	67	202	1038	6	23	1067	82540	1
3/11/17	6002	3329123	3335124	83371	130	112	242	142	2	12	156	83214	1
3/12/17	5919	3335125	3341043	82652	114	100	214	156	2	7	165	82483	4
3/13/17	6040	3341044	3347083	103037	327	127	454	295	202	23	520	102514	3
3/14/17	5961	3347084	3353044	98167	224	106	330	778	234	8	1020	97145	2
3/15/17	5986	3353045	3359030	105841	182	94	276	1010	57	20	1087	104746	8
3/16/17	5990	3359031	3365020	136770	225	130	355	1382	90	28	1500	135268	2
3/17/17	6046	3365021	3371066	138051	255	87	342	417	8	4	429	137620	2
3/18/17	5991	3371067	3377057	111192	109	35	144	231	4	7	242	110948	2
3/19/17	5950	3377058	3383007	103205	115	57	172	220	5	10	235	102970	0
3/20/17	6066	3383008	3389073	102456	194	98	292	356	38	12	406	102049	1
3/21/17	5957	3389074	3395030	104059	181	149	330	432	35	9	476	103575	8
3/22/17	6008	3395031	3401038	102791	169	96	265	508	176	13	697	102092	2
3/23/17	5914	3401039	3406952	103352	214	166	380	462	71	14	547	102803	2
3/24/17	5913	3406953	3412865	114203	152	116	268	765	252	18	1035	113163	5
3/25/17	5962	3412866	3418827	106388	178	77	255	184	56	23	263	106121	4
3/26/17	5981	3418828	3424808	103848	201	54	255	253	7	15	275	103570	3
3/27/17	5951	3424809	3430759	128421	240	634	874	3055	44	24	3123	125293	5
3/28/17	5900	3430760	3436659	113973	310	677	987	506	3	21	530	113438	5
3/29/17	5988	3436660	3442647	120689	318	207	525	346	11	24	381	120306	2
3/30/17	5910	3442648	3448557	119769	300	294	594	802	6	25	833	118935	1
3/31/17	5971	3448558	3454528	132691	267	262	529	799	25	10	834	131857	0
4/1/17	5926	3454529	3460454	101322	248	161	409	592	18	13	623	100699	0
4/2/17	5846	3460455	3466300	117916	517	286	803	539	2	15	556	117360	0
4/3/17	5979	3466301	3472279	135397	354	274	628	814	62	9	885	134512	0
4/4/17	5932	3472280	3478211	111128	296	446	742	972	27	8	1007	110121	0
4/5/17	5986	3478212	3484197	112785	258	290	548	1528	39	9	1576	111208	1
4/6/17	5880	3484198	3490077	119755	430	266	696	1049	28	10	1087	118667	1
4/7/17	5946	3490078	3496023	117647	310	241	551	898	27	6	931	116715	1
4/8/17	5936	3496024	3501959	91819	237	267	504	990	2	12	1004	90800	15
4/9/17	5797	3501960	3507756	101966	416	199	615	666	25	18	709	101073	184
4/10/17	5758	3507757	3513514	101256	325	305	630	627	30	37	694	100562	0
4/11/17	5849	3513515	3519363	98486	244	413	657	175	132	12	319	98166	1
4/12/17	5779	3519364	3525142	101878	303	256	559	3206	79	13	3298	98578	2
4/13/17	5798	3525143	3530940	107543	270	242	512	181	45	20	246	107295	2
4/14/17	5908	3530941	3536848	108196	255	260	515	731	25	13	769	107425	2
4/15/17	5721	3536849	3542569	99240	445	202	647	407	5	11	423	98810	7
4/16/17	5820	3542570	3548389	93760	198	207	405	196	111	3	310	93448	2
4/17/17	5861	3548390	3554250	100721	233	206	439	571	111	38	720	99993	8
4/18/17	5861	3554251	3560111	121918	318	256	574	394	773	23	1190	120722	6
4/19/17	5718	3560112	3565829	125398	1101	405	1506	301	712	14	1027	124371	0
4/20/17	5859	3565830	3571688	118838	260	341	601	221	1445	8	1674	117164	0
4/21/17	5878	3571689	3577566	111090	921	304	1225	3206	1828	6	5040	106049	1
4/22/17	5792	3577567	3583358	102602	458	183	641	1814	206	14	2034	100561	7
4/23/17	5864	3583359	3589222	114220	227	219	446	586	11	10	607	113604	9
4/24/17	5721	3589223	3594943	113297	1150	710	1860	1677	48	12	1737	111547	13
4/25/17	5897	3594944	3600840	128158	399	453	852	319	704	27	1050	127103	5
4/26/17	5637	3600841	3606477	127537	324	448	772	317	2414	15	2746	124787	4
4/27/17	5642	3606478	3612119	151638	495	689	1184	383	3310	5	3698	147936	4
4/28/17	5697	3612120	3617816	142966	1403	968	2371	359	804	18	1181	141777	8
4/29/17	5626	3617817	3623442	123696	342	411	753	538	266	9	813	122882	1
4/30/17	5648	3623443	3629090	142985	646	703	1349	537	677	21	1235	141750	0
5/1/17	5624	3629091	3634714	163753	785	597	1382	1930	816	14	2760	160962	31
5/2/17	5619	3634715	3640333	158161	1458	901	2359	1950	1286	34	3270	154890	1
5/3/17	5649	3640334	3645982	135158	314	564	878	603	44	7	654	134503	1
5/4/17	5649	3645983	3651631	155218	619	621	1240	611	1841	12	2464	152752	2
5/5/17	5675	3651632	3657306	147724	413	589	1002	630	522	13	1165	146555	4
5/6/17	5678	3657307	3662984	133913	278	429	707	510	2781	5	3296	130615	2
5/7/17	5718	3662985	3668702	145073	662	220	882	3596	1123	16	4735	140199	139
5/8/17	5640	3668703	3674342	166701	936	977	1913	705	1490	22	2217	164214	270
5/9/17	5672	3674343	3680014	163015	758	719	1477	1521	3207	17	4745	157882	388
5/10/17	5648	3680015	3685662	168582	792	624	1416	750	4899	11	5660	162416	506
5/11/17	5702	3685663	3691364	174164	1005	1056	2061	618	3321	10	3949	169594	621
5/12/17	5688	3691365	3697052	166082	881	506	1387	413	3485	11	3909	161511	662
5/13/17	5591	3697053	3702643	159666	959	241	1200	363	3431	10	3804	155324	538
5/14/17	5402	3702644	3708045	161994	794	175	969	334	3440	18	3792	157270	932
5/15/17	5401	3708046	3713446	197915	980	1675	2655	413	4699	21	5133	191786	996
5/16/17	5457	3713447	3718903	190575	1012	986	1998	586	5572	27	6185	183113	1277
5/17/17	5325	3718904	3724228	236833	3273	2514	5787	507	4661	13	5181	230387	1265
5/18/17	5462	3724229	3729690	241728	2030	872	2902	1231	4562	14	5807	234654	1267
5/19/17	5424	3729691	3735114	260351	1955	1107	3062	662	6036	20	6718	252245	1388
5/20/17	5489	3735115	3740603	222540	1267	604	1871	1613	5459	22	7094	214187	1259
5/21/17	5437	3740604	3746040	249337	1389	643	2032	728	5339	18	6085	241645	1607
5/22/17	5468	3746041	3751508	267039	1201	852	2053	1893	5307	13	7213	258499	1327
5/23/17	5419	3751509	3756927	302417	1890	2330	4220	6070	6385	24	12479	288442	1496
5/24/17	5427	3756928	3762354	313625	2007	1520	3527	7242	6771	12	14025	297938	1662
5/25/17	5465	3762355	3767819	294214	1473	1118	2591	3704	6228	17	9949	282769	1496
5/26/17	5492	3767820	3773311	279963	2220	782	3002	3618	5137	14	8769	269312	1882
5/27/17	5439	3773312	3778750	243538	1326	762	2088	3588	4071	14	7673	234037	1828
5/28/17	5453	3778751	3784203	259988	1463	682	2145	3844	4309	10	8163	249721	2104
5/29/17	5579	3784204	3789782	271481	1324	594	1918	2210	5731	31	7972	261876	1633
5/30/17	5581	3789783	3795363	362132	3651	1213	4864	12020	4200	22	16242	344218	1672
5/31/17	5412	3795364	3800775	328055	12343	1201	13544	4554	3265	29	7848	318789	1418
6/1/17	5276	3800776	3806051	333840	2869	1728	4601	3793	14598	28	18420	314005	1415
6/2/17	5087	3806052	3811138	414384	2552	11828	14380	9645	5323	31	14999	396818	2567
6/3/17	5206	3811139	3816344	302262	2199	2411	4610	5496	3631	10	9137	291703	1422
6/4/17	5160	3816345	3821504	305796	3637	2163	5800	4609	6704	13	11326	293054	1416
6/5/17	5249	3821505	3826753	315889	2422	2222	4644	3661	4047	16	7724	306806	1359
6/6/17	5208	3826754	3831961	326969	3935	2074	6009	6534	4170	30	10734	314912	1323
6/7/17	5239	3831962	3837200	356057	3558	5649	9207	5744	7571	15	13330	341331	1396
6/8/17	5209	3837201	3842409	311487	2264	2609	4873	5271	3655	7	8933	301173	1381
6/9/17	5214	3842410	3847623	340668	2506	2164	4670	5318	3459	10	8787	330530	1351
6/10/17	5332	3847624	3852955	329505	1814	1627	3441	2815	4627	8	7450	320730	1325
6/11/17	5246	3852956	3858201	357401	1848	1474	3322	9731	5194	15	14940	341146	1315
6/12/17	5237	3858202	3863438	469724	9194	3777	12971	6503	3168	13	9684	458933	1107
6/13/17	5272	3863439	3868710	438990	3006	2878	5884	4493	4742	30	9265	428514	1211
6/14/17	5293	3868711	3874003	386945	2415	2898	5313	4160	4924	13	9097	376535	1313
6/15/17	5305	3874004	3879308	393415	3763	1804	5567	4215	4595	18	8828	383410	1177
6/16/17	5336	3879309	3884644	387172	7247	2020	9267	3800	5209	24	9033	377063	1076
6/17/17	5279	3884645	3889923	378858	2943	1345	4288	3735	3853	24	7612	369782	1464
6/18/17	5347	3889924	3895270	385168	4834	1409	6243	4451	6694	36	11181	372623	1364
6/19/17	5334	3895271	3900604	448361	4269	2237	6506	3576	9177	39	12792	434325	1244
6/20/17	4967	3900605	3905571	418468	26227	1688	27915	2556	2434	12	5002	412886	580
6/21/17	4898	3905572	3910469	352890	36457	484	36941	383	2743	14	3140	349286	464
6/22/17	4944	3910470	3915413	435571	16990	4934	21924	1879	10492	51	12422	421993	1156
6/23/17	4890	3915414	3920303	437220	4452	2755	7207	5591	5912	41	11544	424786	890
6/24/17	4939	3920304	3925242	378210	16393	904	17297	5656	3850	18	9524	367508	1178
6/25/17	4926	3925243	3930168	364100	2928	771	3699	8947	5201	15	14163	348657	1280
6/26/17	4965	3930169	3935133	461534	6210	3911	10121	2537	4686	28	7251	452825	1458
6/27/17	5001	3935134	3940134	415078	3476	2891	6367	684	4761	40	5485	408271	1322
6/28/17	4961	3940135	3945095	458653	13739	3932	17671	5683	5979	27	11689	445947	1017
6/29/17	5027	3945096	3950122	432817	3876	2504	6380	5087	6630	17	11734	420007	1076
6/30/17	5036	3950123	3955158	413155	3304	2018	5322	4703	9820	13	14536	397327	1292
7/1/17	5009	3955159	3960167	357810	5159	1195	6354	3974	4102	19	8095	348776	939
7/2/17	5034	3960168	3965201	386318	6539	859	7398	4226	3371	5	7602	377659	1057
7/3/17	5052	3965202	3970253	459807	5856	1620	7476	5179	10533	16	15728	443457	622
7/4/17	5078	3970254	3975331	435668	6946	2771	9717	7531	2050	19	9600	425559	509
7/5/17	4985	3975332	3980316	418596	5328	3329	8657	10402	2289	13	12704	405117	775
7/6/17	5046	3980317	3985362	413687	4465	3230	7695	3454	2173	15	5642	407384	661
7/7/17	5084	3985363	3990446	468343	5175	2920	8095	3285	6059	11	9355	458410	578
7/8/17	5087	3990447	3995533	381083	3142	2028	5170	9784	3186	4	12974	367333	776
7/9/17	5094	3995534	4000627	341648	2663	1190	3853	845	8929	12	9786	331478	384
7/10/17	4594	4000628	4005221	430693	10133	2376	12509	546	3168	15	3729	426764	200
7/11/17	4520	4005222	4009741	474521	8318	1850	10168	726	4264	17	5007	468986	528
7/12/17	4509	4009742	4014250	441319	9239	2092	11331	2199	4860	5	7064	433568	687
7/13/17	4512	4014251	4018762	422771	9579	2267	11846	3710	15384	16	19110	403147	514
7/14/17	4502	4018763	4023264	391089	8460	1851	10311	2799	2579	12	5390	385351	348
7/15/17	4603	4023265	4027867	358605	5662	896	6558	2483	1006	24	3513	354711	381
7/16/17	4575	4027868	4032442	400039	4082	868	4950	2703	1975	7	4685	394966	388
7/17/17	4459	4032443	4036901	412416	5666	1515	7181	2609	9075	13	11697	400355	364
7/18/17	4551	4036902	4041452	415506	6262	3255	9517	11574	7959	10	19543	395480	483
7/19/17	4637	4041453	4046089	411872	4605	1229	5834	3509	2652	9	6170	405394	308
7/20/17	4632	4046090	4050721	406627	3391	4129	7520	2718	10792	18	13528	392820	279
7/21/17	4543	4050722	4055264	365240	2310	2475	4785	2462	9536	6	12004	352892	344
7/22/17	4649	4055265	4059913	314369	2642	2081	4723	2592	4680	9	7281	306820	268
7/23/17	4660	4059914	4064573	393074	3058	738	3796	2617	7134	8	9759	383106	209
7/24/17	4582	4064574	4069155	409551	8625	1808	10433	2347	7471	14	9832	399451	268
7/25/17	4686	4069156	4073841	366612	2791	2304	5095	10481	2926	20	13427	352417	768
7/26/17	4650	4073842	4078491	332608	2588	1880	4468	3226	7631	10	10867	321545	196
7/27/17	4634	4078492	4083125	320757	4255	1680	5935	2815	2114	12	4941	315644	172
7/28/17	4647	4083126	4087772	375534	4850	1660	6510	2526	1993	10	4529	370885	120
7/29/17	4683	4087773	4092455	289112	3130	490	3620	2058	3155	6	5219	283646	247
7/30/17	4704	4092456	4097159	307242	2529	457	2986	1979	8408	12	10399	296643	200
7/31/17	4535	4097160	4101694	369792	4145	2028	6173	2115	8126	1	10242	359310	240
8/1/17	4087	4101695	4105781	373300	3631	2098	5729	3521	11003	3	14527	358561	212
8/2/17	4044	4105782	4109825	389435	3210	1684	4894	2055	8212	15	10282	378975	178
8/3/17	3976	4109826	4113801	416941	2801	2466	5267	742	14128	14	14884	401899	158
8/4/17	4040	4113802	4117841	419144	4125	2206	6331	705	7667	20	8392	410516	236
8/5/17	4034	4117842	4121875	430639	4486	1271	5757	688	7428	11	8127	422374	138
8/6/17	4032	4121876	4125907	427321	3369	662	4031	628	13553	10	14191	412919	211
8/7/17	4094	4125908	4130001	466029	5525	2513	8038	6155	11421	15	17591	448280	158
8/8/17	4093	4130002	4134094	502367	5652	1494	7146	4364	9860	12	14236	487950	181
8/9/17	4113	4134095	4138207	520242	4294	1758	6052	2644	12034	6	14684	505440	118
8/10/17	4029	4138208	4142236	537883	6679	1691	8370	1835	11510	9	13354	524390	139
8/11/17	4105	4142237	4146341	569553	6999	1433	8432	1756	13620	7	15383	554046	124
8/12/17	4113	4146342	4150454	554136	12399	1618	14017	1973	17197	10	19180	534781	175
8/13/17	4129	4150455	4154583	588838	4678	1079	5757	1793	20558	3	22354	566293	191
8/14/17	4133	4154584	4158716	670771	12081	1652	13733	3497	24891	11	28399	642211	161
8/15/17	4132	4158717	4162848	875552	16013	0	16013	31559	0	0	31559	843946	47
8/16/17	4166	4162849	4167014	758554	31241	0	31241	8016	0	0	8016	750468	70
8/17/17	4144	4167015	4171158	699806	24866	0	24866	15954	0	0	15954	683458	394
8/18/17	4136	4171159	4175294	716745	26244	0	26244	16631	0	0	16631	699939	175
8/19/17	4211	4175295	4179505	652743	12716	0	12716	24234	0	0	24234	628223	286
8/20/17	4156	4179506	4183661	553180	10129	0	10129	26463	0	0	26463	526505	212
8/21/17	4233	4183662	4187894	635813	12875	0	12875	15227	0	0	15227	620446	140
8/22/17	4185	4187895	4192079	582881	13137	0	13137	17470	0	0	17470	565321	90
8/23/17	4216	4192080	4196295	602666	12737	0	12737	17340	0	0	17340	585227	99
8/24/17	4184	4196296	4200479	556354	15274	0	15274	8834	0	0	8834	547403	117
8/25/17	3554	4200480	4204033	536814	16179	0	16179	5680	0	0	5680	531046	88
8/26/17	3499	4204034	4207532	499603	18218	0	18218	9350	0	0	9350	490132	121
8/27/17	3514	4207533	4211046	507241	15582	0	15582	12600	0	0	12600	494530	111
8/28/17	3446	4211047	4214492	591618	15322	0	15322	10879	0	0	10879	580402	337
8/29/17	3541	4214493	4218033	638765	17755	0	17755	13511	0	0	13511	625110	144
8/30/17	3531	4218034	4221564	637559	11849	0	11849	13847	0	0	13847	623611	101
8/31/17	3473	4221565	4225037	614691	20737	0	20737	15243	0	0	15243	599375	73
9/1/17	3521	4225038	4228558	642668	14645	0	14645	14452	0	0	14452	628074	142
9/2/17	3541	4228559	4232099	556239	13762	0	13762	14517	0	0	14517	541629	93
9/3/17	3539	4232100	4235638	504063	8933	0	8933	15059	0	0	15059	488841	163
9/4/17	3527	4235639	4239165	702262	15447	0	15447	11552	0	0	11552	690648	62
9/5/17	3559	4239166	4242724	683506	20708	0	20708	12666	0	0	12666	670739	101
9/6/17	3510	4242725	4246234	725669	21226	0	21226	9962	0	0	9962	715644	63
9/7/17	3547	4246235	4249781	700749	18182	0	18182	15903	0	0	15903	684768	78
9/8/17	3592	4249782	4253373	741962	15187	0	15187	15425	0	0	15425	726309	228
9/9/17	3561	4253374	4256934	614161	11137	0	11137	18557	0	0	18557	595450	154
9/10/17	3574	4256935	4260508	523446	5599	0	5599	15713	0	0	15713	507648	85
9/11/17	3551	4260509	4264059	581079	9419	0	9419	16862	0	0	16862	564048	169
9/12/17	3603	4264060	4267662	634773	13276	0	13276	7348	0	0	7348	627363	62
9/13/17	3536	4267663	4271198	592076	10765	0	10765	11187	0	0	11187	580825	64
9/14/17	3599	4271199	4274797	635778	9633	0	9633	7535	0	0	7535	628036	207
9/15/17	3616	4274798	4278413	752166	16765	0	16765	4525	0	0	4525	747607	34
9/16/17	3609	4278414	4282022	633839	19603	0	19603	14899	0	0	14899	618765	175
9/17/17	3630	4282023	4285652	548793	5915	0	5915	12715	0	0	12715	535883	195
9/18/17	3557	4285653	4289209	667685	9178	0	9178	9083	0	0	9083	658517	85
9/19/17	3628	4289210	4292837	611812	9814	0	9814	8582	0	0	8582	603051	179
9/20/17	3600	4292838	4296437	604077	18776	0	18776	30309	0	0	30309	573611	157
9/21/17	3645	4296438	4300082	616958	12485	0	12485	28813	0	0	28813	588026	119
9/22/17	3001	4300083	4303083	530457	9655	0	9655	7151	0	0	7151	523276	30
9/23/17	2884	4303084	4305967	469899	13188	0	13188	7269	0	0	7269	462549	81
9/24/17	2938	4305968	4308905	427989	23342	0	23342	5760	0	0	5760	422176	53
9/25/17	2836	4308906	4311741	500445	17455	0	17455	8392	0	0	8392	492023	30
9/26/17	2890	4311742	4314631	512738	15750	0	15750	26060	0	0	26060	486663	15
9/27/17	2904	4314632	4317535	516022	11871	0	11871	24709	0	0	24709	491302	11
9/28/17	2856	4317536	4320391	527208	13765	0	13765	17438	0	0	17438	509745	25
9/29/17	2829	4320392	4323220	498677	12437	0	12437	8311	0	0	8311	490352	14
9/30/17	2840	4323221	4326060	475068	16360	0	16360	11893	0	0	11893	463150	25
10/1/17	2862	4326061	4328922	471530	15485	0	15485	6987	0	0	6987	464532	11
10/2/17	2842	4328923	4331764	497768	13870	0	13870	11158	0	0	11158	486585	25
10/3/17	2862	4331765	4334626	523503	13921	0	13921	13538	0	0	13538	509960	5
10/4/17	2886	4334627	4337512	500783	18407	0	18407	12861	0	0	12861	487907	15
10/5/17	2946	4337513	4340458	471310	19926	0	19926	2111	0	0	2111	469179	20
10/6/17	2848	4340459	4343306	500498	20034	0	20034	2930	0	0	2930	497546	22
10/7/17	2848	4343307	4346154	482177	15697	0	15697	6061	0	0	6061	476100	16
10/8/17	2879	4346155	4349033	501137	11335	0	11335	10762	0	0	10762	490352	23
10/9/17	2882	4349034	4351915	518038	11121	0	11121	16080	0	0	16080	501910	48
10/10/17	2915	4351916	4354830	528881	13027	0	13027	3770	0	0	3770	525058	53
10/11/17	2915	4354831	4357745	506475	15848	0	15848	6403	0	0	6403	500058	14
10/12/17	2899	4357746	4360644	555766	17158	0	17158	7436	0	0	7436	548292	38
10/13/17	2891	4360645	4363535	615027	19350	0	19350	3317	0	0	3317	611695	15
10/14/17	2887	4363536	4366422	593214	24952	0	24952	6666	0	0	6666	586505	43
10/15/17	2925	4366423	4369347	523187	20530	0	20530	12943	0	0	12943	510200	44
10/16/17	4554	4369348	4373901	773914	20216	0	20216	18546	0	0	18546	752929	2439
10/17/17	6050	4373902	4379951	762849	9850	0	9850	15480	0	0	15480	747216	153
10/18/17	6221	4379952	4386172	819410	21995	0	21995	10260	0	0	10260	809081	69
10/19/17	6241	4386173	4392413	887963	28040	0	28040	24018	0	0	24018	863819	126
10/20/17	6237	4392414	4398650	800928	15612	0	15612	24914	0	0	24914	775913	101
10/21/17	6229	4398651	4404879	645200	7605	0	7605	10313	0	0	10313	634789	98
10/22/17	6280	4404880	4411159	653019	6314	0	6314	18628	0	0	18628	634276	115
10/23/17	6254	4411160	4417413	811403	6855	0	6855	25896	0	0	25896	785428	79
10/24/17	6248	4417414	4423661	910490	8683	0	8683	41255	0	0	41255	869151	84
10/25/17	6176	4423662	4429837	806160	15109	0	15109	34112	0	0	34112	771956	92
10/26/17	6157	4429838	4435994	785175	11075	0	11075	31269	0	0	31269	753803	103
10/27/17	6229	4435995	4442223	800296	8757	0	8757	20027	0	0	20027	780159	110
10/28/17	6240	4442224	4448463	825277	9620	0	9620	5276	0	0	5276	819895	106
10/29/17	6194	4448464	4454657	822846	9013	0	9013	4584	0	0	4584	818176	86
10/30/17	6072	4454658	4460729	879326	13187	0	13187	7964	0	0	7964	871223	139
10/31/17	6275	4460730	4467004	941042	19151	0	19151	26017	0	0	26017	914962	63
11/1/17	6142	4467005	4473146	869697	12402	0	12402	27486	0	0	27486	842105	106
11/2/17	6144	4473147	4479290	876931	9443	0	9443	26223	0	0	26223	850606	102
11/3/17	6208	4479291	4485498	836609	8146	0	8146	15471	0	0	15471	821055	83
11/4/17	6196	4485499	4491694	711377	7358	0	7358	16632	0	0	16632	694624	121
11/5/17	6299	4491695	4497993	630743	5330	0	5330	14690	0	0	14690	615927	126
11/6/17	6199	4497994	4504192	737326	5672	0	5672	17833	0	0	17833	719405	88
11/7/17	6211	4504193	4510403	689568	10679	0	10679	8321	0	0	8321	681125	122
11/8/17	6236	4510404	4516639	804851	10372	0	10372	22842	0	0	22842	781839	170
11/9/17	6195	4516640	4522834	856051	8543	0	8543	51005	0	0	51005	804947	99
11/10/17	6300	4522835	4529134	812686	7409	0	7409	42632	0	0	42632	769917	137
11/11/17	6267	4529135	4535401	797475	7168	0	7168	30619	0	0	30619	766769	87
11/12/17	6245	4535402	4541646	851499	5831	0	5831	27058	0	0	27058	824346	95
11/13/17	6225	4541647	4547871	848527	9628	0	9628	29058	0	0	29058	819268	201
11/14/17	6122	4547872	4553993	845145	11244	0	11244	22706	0	0	22706	822345	94
11/15/17	6237	4553994	4560230	891143	14689	0	14689	32316	0	0	32316	858755	72
11/16/17	6154	4560231	4566384	879023	13847	0	13847	37192	0	0	37192	841731	100
11/17/17	6235	4566385	4572619	897691	14003	0	14003	39381	0	0	39381	858067	243
11/18/17	6215	4572620	4578834	824845	8835	0	8835	20099	0	0	20099	804619	127
11/19/17	6266	4578835	4585100	826446	9058	0	9058	15531	0	0	15531	810788	127
11/20/17	6176	4585101	4591276	888557	13552	0	13552	11957	0	0	11957	876486	114
11/21/17	6174	4591277	4597450	874537	12685	0	12685	13920	0	0	13920	860406	211
11/22/17	6242	4597451	4603692	866244	15768	0	15768	17564	0	0	17564	848477	203
11/23/17	6190	4603693	4609882	883172	10213	0	10213	20912	0	0	20912	862115	145
11/24/17	6234	4609883	4616116	920952	8406	0	8406	20577	0	0	20577	900278	97
11/25/17	6201	4616117	4622317	900782	9246	0	9246	17321	0	0	17321	883352	109
11/26/17	6169	4622318	4628486	964798	34676	0	34676	19373	0	0	19373	945284	141
11/27/17	6086	4628487	4634572	1060688	20346	0	20346	11187	0	0	11187	1049376	125
11/28/17	6094	4634573	4640666	1087026	13585	0	13585	27824	0	0	27824	1059109	93
11/29/17	6108	4640667	4646774	1090741	14307	0	14307	13019	0	0	13019	1077633	89
11/30/17	6151	4646775	4652925	1025007	12165	0	12165	9627	0	0	9627	1015294	86
12/1/17	6127	4652926	4659052	976019	14879	0	14879	19171	0	0	19171	956786	62
12/2/17	6053	4659053	4665105	1021122	10944	0	10944	10492	0	0	10492	1010527	103
12/3/17	6029	4665106	4671134	1104599	15265	0	15265	8430	0	0	8430	1096105	64
12/4/17	5671	4671135	4676805	1077570	13854	0	13854	13434	0	0	13434	1064120	16
12/5/17	5588	4676806	4682393	1109939	14513	0	14513	10504	0	0	10504	1099423	12
12/6/17	5473	4682394	4687866	1234675	10990	0	10990	14974	0	0	14974	1219694	7
12/7/17	5798	4687867	4693664	1098918	11740	0	11740	35118	0	0	35118	1063752	48
12/8/17	5803	4693665	4699467	1239946	14465	0	14465	8587	0	0	8587	1231353	6
12/9/17	5813	4699468	4705280	1240956	14452	0	14452	11236	0	0	11236	1229718	2
12/10/17	5781	4705281	4711061	1273132	17657	0	17657	16457	0	0	16457	1256666	9
12/11/17	5749	4711062	4716810	1366621	22487	0	22487	8949	0	0	8949	1357660	12
12/12/17	5715	4716811	4722525	1394050	21567	0	21567	7757	0	0	7757	1386289	4
12/13/17	5659	4722526	4728184	1401796	21930	0	21930	18783	0	0	18783	1383006	7
12/14/17	5694	4728185	4733878	1486050	14634	0	14634	29558	0	0	29558	1456484	8
12/15/17	5800	4733879	4739678	1382891	18274	0	18274	24683	0	0	24683	1358197	11
12/16/17	5775	4739679	4745453	1397908	25206	0	25206	22505	0	0	22505	1375387	16
12/17/17	5781	4745454	4751234	1343541	16750	0	16750	43870	0	0	43870	1299657	14
12/18/17	5781	4751235	4757015	1491697	16845	0	16845	45716	0	0	45716	1445965	16
12/19/17	5604	4757016	4762619	1543719	18614	0	18614	19791	0	0	19791	1523904	24
12/20/17	5571	4762620	4768190	1506774	12560	0	12560	22591	0	0	22591	1484169	14
12/21/17	5570	4768191	4773760	1494560	13576	0	13576	19488	0	0	19488	1475057	15
12/22/17	5652	4773761	4779412	1515253	13406	0	13406	28313	0	0	28313	1486930	10
12/23/17	5947	4779413	4785359	1409718	12943	0	12943	35122	0	0	35122	1374060	536
12/24/17	5981	4785360	4791340	1239329	8348	0	8348	69325	0	0	69325	1169280	724
12/25/17	6032	4791341	4797372	1193336	8833	0	8833	61575	0	0	61575	1131022	739
12/26/17	5992	4797373	4803364	1217924	8884	0	8884	66761	0	0	66761	1151145	18
12/27/17	5966	4803365	4809330	1321822	10057	0	10057	46023	0	0	46023	1275759	40
12/28/17	5889	4809331	4815219	1394947	12855	0	12855	37127	0	0	37127	1357774	46
12/29/17	5786	4815220	4821005	1539092	12938	0	12938	35636	0	0	35636	1503372	84
12/30/17	5773	4821006	4826778	1543421	11386	0	11386	28551	0	0	28551	1514721	149
12/31/17	5907	4826779	4832685	1395664	11366	0	11366	52321	0	0	52321	1343259	84
1/1/18	5926	4832686	4838611	1319902	9784	0	9784	66354	0	0	66354	1253483	65
1/2/18	5750	4838612	4844361	1580616	13843	0	13843	30147	0	0	30147	1550390	79
1/3/18	5540	4844362	4849901	1587753	13244	0	13244	16506	0	0	16506	1571233	14
1/4/18	5454	4849902	4855355	1632974	13623	0	13623	9464	0	0	9464	1623501	9
1/5/18	5341	4855356	4860696	1617857	23111	0	23111	7505	0	0	7505	1610345	7
1/6/18	5416	4860697	4866112	1572651	21220	0	21220	8687	0	0	8687	1563954	10
1/7/18	5528	4866113	4871640	1518348	24058	0	24058	13678	0	0	13678	1504661	9
1/8/18	5408	4871641	4877048	1587770	18919	0	18919	12329	0	0	12329	1575436	5
1/9/18	5377	4877049	4882425	1570264	16789	0	16789	12211	0	0	12211	1558049	4
1/10/18	5415	4882426	4887840	1522325	17003	0	17003	23995	0	0	23995	1498327	3
1/11/18	5430	4887841	4893270	1482119	17835	0	17835	16179	0	0	16179	1465934	6
1/12/18	5419	4893271	4898689	1425500	19366	0	19366	20964	0	0	20964	1404524	12
1/13/18	5394	4898690	4904083	1476900	22479	0	22479	20707	0	0	20707	1456183	10
1/14/18	5625	4904084	4909708	1414529	23548	0	23548	32519	0	0	32519	1381993	17
1/15/18	5424	4909709	4915132	1535305	23071	0	23071	16368	0	0	16368	1518930	7
1/16/18	5522	4915133	4920654	1627947	21736	0	21736	11351	0	0	11351	1616582	14
1/17/18	5572	4920655	4926226	1614559	17090	0	17090	10988	0	0	10988	1603521	50
1/18/18	5569	4926227	4931795	1571534	21447	0	21447	8679	0	0	8679	1562837	18
1/19/18	5685	4931796	4937480	1426915	23852	0	23852	8978	0	0	8978	1417898	39
1/20/18	5873	4937481	4943353	1423568	21853	0	21853	14108	0	0	14108	1409373	87
1/21/18	5810	4943354	4949163	1442113	8577	0	8577	27232	0	0	27232	1414031	850
1/22/18	5883	4949164	4955046	1490789	10047	0	10047	48157	0	0	48157	1442555	77
1/23/18	5898	4955047	4960944	1544449	10892	0	10892	65971	0	0	65971	1478423	55
1/24/18	5961	4960945	4966905	1404955	10945	0	10945	71327	0	0	71327	1333567	61
1/25/18	5910	4966906	4972815	1286943	11591	0	11591	49605	0	0	49605	1237249	89
1/26/18	5910	4972816	4978725	1401060	10057	0	10057	15557	0	0	15557	1385425	78
1/27/18	6004	4978726	4984729	1273433	9076	0	9076	21434	0	0	21434	1251993	6
1/28/18	6017	4984730	4990746	1367312	9297	0	9297	27137	0	0	27137	1340065	110
1/29/18	5925	4990747	4996671	1306631	12156	0	12156	23569	0	0	23569	1283021	41
1/30/18	5867	4996672	5002538	1326569	11726	0	11726	30991	0	0	30991	1295550	28
1/31/18	5883	5002539	5008421	1340412	14163	0	14163	24159	0	0	24159	1316189	64
2/1/18	5778	5008422	5014199	1539575	35906	0	35906	12262	0	0	12262	1527292	21
2/2/18	5865	5014200	5020064	1432504	17764	0	17764	16222	0	0	16222	1416185	97
2/3/18	5973	5020065	5026037	1218808	11516	0	11516	39604	0	0	39604	1179150	54
2/4/18	5960	5026038	5031997	1237965	8911	0	8911	31567	0	0	31567	1206359	39
2/5/18	6025	5031998	5038022	1362121	17906	0	17906	33065	0	0	33065	1324661	102
2/6/18	5926	5038023	5043948	1385265	21882	0	21882	21598	0	0	21598	1356523	122
2/7/18	5913	5043949	5049861	1384428	23443	0	23443	23023	0	0	23023	1354284	57
2/8/18	6002	5049862	5055863	1252846	22749	0	22749	30502	0	0	30502	1215233	92
2/9/18	5936	5055864	5061799	1338183	25071	0	25071	26398	0	0	26398	1304472	328
2/10/18	6022	5061800	5067821	1406957	23303	0	23303	26486	0	0	26486	1373248	78
2/11/18	5955	5067822	5073776	1289332	21509	0	21509	26996	0	0	26996	1255352	78
2/12/18	5945	5073777	5079721	1317690	20419	0	20419	21484	0	0	21484	1288997	136
2/13/18	5965	5079722	5085686	1380066	34046	0	34046	23997	0	0	23997	1348944	81
2/14/18	5860	5085687	5091546	1264276	29511	0	29511	26623	0	0	26623	1230676	72
2/15/18	5966	5091547	5097512	1347425	29917	0	29917	28250	0	0	28250	1311961	101
2/16/18	5958	5097513	5103470	1319588	35098	0	35098	29500	0	0	29500	1282971	103
2/17/18	6036	5103471	5109506	1348147	31718	0	31718	28807	0	0	28807	1311563	709
2/18/18	5984	5109507	5115490	1378557	46366	0	46366	26527	0	0	26527	1345019	12
2/19/18	5898	5115491	5121388	1254460	38421	0	38421	32288	0	0	32288	1214875	251
2/20/18	5814	5121389	5127202	1316591	43674	0	43674	11235	0	0	11235	1298030	269
2/21/18	5849	5127203	5133051	1298002	48355	0	48355	8578	0	0	8578	1282224	34
2/22/18	5873	5133052	5138924	1230316	36688	0	36688	10886	0	0	10886	1212365	9
2/23/18	5926	5138925	5144850	1205381	36246	0	36246	11329	0	0	11329	1186889	13
2/24/18	5850	5144851	5150700	1192295	44072	0	44072	7236	0	0	7236	1177925	47
2/25/18	5858	5150701	5156558	1195510	53110	0	53110	8874	0	0	8874	1179500	161
2/26/18	5803	5156559	5162361	1203349	40303	0	40303	15725	0	0	15725	1180562	16
2/27/18	5865	5162362	5168226	1163319	45531	0	45531	18455	0	0	18455	1137801	16
2/28/18	5898	5168227	5174124	1230143	46794	0	46794	12612	0	0	12612	1210392	17
3/1/18	5879	5174125	5180003	1208388	45922	0	45922	12230	0	0	12230	1189114	14
3/2/18	5899	5180004	5185902	1292569	37217	0	37217	19954	0	0	19954	1265409	52
3/3/18	5949	5185903	5191851	1161383	35420	0	35420	15021	0	0	15021	1138945	381
3/4/18	5881	5191852	5197732	1113554	33487	0	33487	12421	0	0	12421	1094045	129
3/5/18	5885	5197733	5203617	1166164	33737	0	33737	14380	0	0	14380	1144770	22
3/6/18	5890	5203618	5209507	1150658	28044	0	28044	17518	0	0	17518	1126043	40
3/7/18	5915	5209508	5215422	1247156	28812	0	28812	17732	0	0	17732	1222302	5
3/8/18	5856	5215423	5221278	1153730	38352	0	38352	15500	0	0	15500	1131217	15
3/9/18	5898	5221279	5227176	1138064	29960	0	29960	14918	0	0	14918	1116107	22
3/10/18	5893	5227177	5233069	1154414	41623	0	41623	15815	0	0	15815	1131040	505
3/11/18	5957	5233070	5239026	1078121	29571	0	29571	14195	0	0	14195	1056846	25
3/12/18	5823	5239027	5244849	1136690	32928	0	32928	7395	0	0	7395	1122265	9
3/13/18	5865	5244850	5250714	1144332	40046	0	40046	11019	0	0	11019	1126268	28
3/14/18	5843	5250715	5256557	1223182	32463	0	32463	14381	0	0	14381	1201740	11
3/15/18	5881	5256558	5262438	1224308	33137	0	33137	16449	0	0	16449	1200768	10
3/16/18	5918	5262439	5268356	1360390	45801	0	45801	10383	0	0	10383	1342901	27
3/17/18	5856	5268357	5274212	1239438	36366	0	36366	3947	0	0	3947	1228426	16
3/18/18	5933	5274213	5280145	1267636	22045	0	22045	4133	0	0	4133	1256491	12
3/19/18	5961	5280146	5286106	1184520	24998	0	24998	5920	0	0	5920	1171479	147
3/20/18	5959	5286107	5292065	1152011	22296	0	22296	15092	0	0	15092	1129088	815
3/21/18	5934	5292066	5297999	1214630	40804	0	40804	27762	0	0	27762	1179861	38
3/22/18	6014	5298000	5304013	1154330	21440	0	21440	35949	0	0	35949	1111305	46
3/23/18	5968	5304014	5309981	1261861	24009	0	24009	35411	0	0	35411	1219454	51
3/24/18	6058	5309982	5316039	1290493	22624	0	22624	28451	0	0	28451	1254992	18
3/25/18	6024	5316040	5322063	1205926	39676	0	39676	25238	0	0	25238	1173705	18
3/26/18	6004	5322064	5328067	1155458	20815	0	20815	16699	0	0	16699	1131696	60
3/27/18	5923	5328068	5333990	1053776	20236	0	20236	12905	0	0	12905	1033846	61
3/28/18	5949	5333991	5339939	1006195	24365	0	24365	5622	0	0	5622	993566	23
3/29/18	5867	5339940	5345806	1107553	22543	0	22543	5987	0	0	5987	1094485	51
3/30/18	5938	5345807	5351744	1262171	36439	0	36439	11471	0	0	11471	1243645	18
3/31/18	6050	5351745	5357794	1240943	26139	0	26139	11524	0	0	11524	1222375	40
4/1/18	6016	5357795	5363810	1174378	28099	0	28099	28630	0	0	28630	1138832	18
4/2/18	6094	5363811	5369904	1205354	35003	0	35003	30385	0	0	30385	1167941	24
4/3/18	5999	5369905	5375903	1344746	30378	0	30378	26121	0	0	26121	1311305	324
4/4/18	6001	5375904	5381904	1290719	21142	0	21142	48752	0	0	48752	1234963	46
4/5/18	6056	5381905	5387960	1364853	20643	0	20643	48857	0	0	48857	1308916	13
4/6/18	6051	5387961	5394011	1304992	19321	0	19321	50299	0	0	50299	1247667	19
4/7/18	6049	5394012	5400060	1305955	21858	0	21858	30624	0	0	30624	1268402	11
4/8/18	6058	5400061	5406118	1203879	40389	0	40389	24736	0	0	24736	1172149	13
4/9/18	5995	5406119	5412113	1312621	31238	0	31238	14299	0	0	14299	1291155	190
4/10/18	6073	5412114	5418186	1302304	23298	0	23298	18977	0	0	18977	1276261	21
4/11/18	5962	5418187	5424148	1513825	25198	0	25198	23075	0	0	23075	1483780	11
4/12/18	5898	5424149	5430046	1454712	25783	0	25783	14584	0	0	14584	1433143	31
4/13/18	5923	5430047	5435969	1464439	41275	0	41275	22209	0	0	22209	1435057	39
4/14/18	5917	5435970	5441886	1367179	32132	0	32132	23246	0	0	23246	1336450	456
4/15/18	5939	5441887	5447825	1455326	30613	0	30613	14968	0	0	14968	1433299	46
4/16/18	5932	5447826	5453757	1442168	28860	0	28860	26732	0	0	26732	1408297	38
4/17/18	5835	5453758	5459592	1445739	38342	0	38342	16845	0	0	16845	1421808	35
4/18/18	5795	5459593	5465387	1456625	36569	0	36569	26589	0	0	26589	1423002	37
4/19/18	5810	5465388	5471197	1534323	35511	0	35511	14856	0	0	14856	1512290	30
4/20/18	5715	5471198	5476912	1498277	36262	0	36262	11273	0	0	11273	1479936	25
4/21/18	5883	5476913	5482795	1556303	24224	0	24224	44760	0	0	44760	1504411	46
4/22/18	5902	5482796	5488697	1475991	22968	0	22968	34701	0	0	34701	1434241	6
4/23/18	5776	5488698	5494473	1526010	27174	0	27174	24775	0	0	24775	1494137	14
4/24/18	5720	5494474	5500193	1596198	27629	0	27629	16454	0	0	16454	1572598	94
4/25/18	5818	5500194	5506011	1511892	24984	0	24984	10165	0	0	10165	1494597	12
4/26/18	5867	5506012	5511878	1479310	23649	0	23649	7306	0	0	7306	1464802	14
4/27/18	5714	5511879	5517592	1353299	28267	0	28267	10660	0	0	10660	1335561	9
4/28/18	5713	5517593	5523305	1254863	35068	0	35068	3522	0	0	3522	1244309	16
4/29/18	5833	5523306	5529138	1317806	55305	0	55305	5429	0	0	5429	1304835	350
4/30/18	5724	5529139	5534862	1352495	27856	0	27856	7047	0	0	7047	1338300	8
5/1/18	5622	5534863	5540484	1309315	23894	0	23894	7975	0	0	7975	1294215	15
5/2/18	5712	5540485	5546196	1413654	23488	0	23488	6461	0	0	6461	1399908	11
5/3/18	5681	5546197	5551877	1479238	26000	0	26000	6132	0	0	6132	1465913	11
5/4/18	5632	5551878	5557509	1514939	25215	0	25215	4185	0	0	4185	1503571	5
5/5/18	5741	5557510	5563250	1462553	28058	0	28058	5805	0	0	5805	1449536	8
5/6/18	5763	5563251	5569013	1444301	26044	0	26044	15271	0	0	15271	1421837	41
5/7/18	5835	5569014	5574848	1447013	38344	0	38344	19181	0	0	19181	1420334	317
5/8/18	5734	5574849	5580582	1445377	35825	0	35825	12548	0	0	12548	1425749	8
5/9/18	5730	5580583	5586312	1526601	38579	0	38579	5126	0	0	5126	1514328	5
5/10/18	5683	5586313	5591995	1448206	40005	0	40005	3795	0	0	3795	1437284	13
5/11/18	5751	5591996	5597746	1461597	40055	0	40055	9525	0	0	9525	1444883	7
5/12/18	5754	5597747	5603500	1367291	45218	0	45218	4346	0	0	4346	1355786	3
5/13/18	5760	5603501	5609260	1390959	35063	0	35063	5603	0	0	5603	1378272	6
5/14/18	5638	5609261	5614898	1422960	33248	0	33248	6839	0	0	6839	1409008	10
5/15/18	5732	5614899	5620630	1408519	34919	0	34919	4417	0	0	4417	1396955	11
5/16/18	5645	5620631	5626275	1414661	34585	0	34585	5972	0	0	5972	1401578	17
5/17/18	5704	5626276	5631979	1363127	44873	0	44873	4171	0	0	4171	1351768	9
5/18/18	5636	5631980	5637615	1374139	36615	0	36615	7627	0	0	7627	1359267	20
5/19/18	5603	5637616	5643218	1387940	102612	0	102612	2830	0	0	2830	1377866	13
5/20/18	5642	5643219	5648860	1364169	50101	0	50101	3850	0	0	3850	1353110	5
5/21/18	5687	5648861	5654547	1389782	40725	0	40725	4070	0	0	4070	1378498	20
5/22/18	5601	5654548	5660148	1341221	51984	0	51984	3068	0	0	3068	1330994	8
5/23/18	5655	5660149	5665803	1414327	34679	0	34679	4688	0	0	4688	1402330	20
5/24/18	5563	5665804	5671366	1355590	31435	0	31435	6489	0	0	6489	1342010	5
5/25/18	5635	5671367	5677001	1323911	39150	0	39150	4639	0	0	4639	1312071	13
5/26/18	5719	5677002	5682720	1265921	50026	0	50026	2630	0	0	2630	1256096	1
5/27/18	5634	5682721	5688354	1220317	45912	0	45912	2485	0	0	2485	1210720	8
5/28/18	5704	5688355	5694058	1363238	33517	0	33517	3753	0	0	3753	1352284	10
5/29/18	5649	5694059	5699707	1309312	39829	0	39829	4127	0	0	4127	1297888	100
5/30/18	5609	5699708	5705316	1232801	38763	0	38763	3505	0	0	3505	1222047	17
5/31/18	5647	5705317	5710963	1347895	39898	0	39898	3047	0	0	3047	1337598	9
6/1/18	5624	5710964	5716587	1327218	34035	0	34035	2776	0	0	2776	1317275	8
6/2/18	5632	5716588	5722219	1235560	34454	0	34454	2517	0	0	2517	1225767	24
6/3/18	5619	5722220	5727838	1207822	39494	0	39494	3376	0	0	3376	1197239	29
6/4/18	5672	5727839	5733510	1251217	34973	0	34973	5484	0	0	5484	1238406	13
6/5/18	5591	5733511	5739101	1216834	35937	0	35937	3657	0	0	3657	1206044	9
6/6/18	5633	5739102	5744734	1455322	36027	0	36027	3249	0	0	3249	1444810	25
6/7/18	5639	5744735	5750373	1194890	40309	0	40309	3607	0	0	3607	1183950	22
6/8/18	5679	5750374	5756052	1265857	37617	0	37617	4249	0	0	4249	1254316	23
6/9/18	5610	5756053	5761662	1175339	41645	0	41645	3847	0	0	3847	1164127	36
6/10/18	5641	5761663	5767303	1297235	43615	0	43615	15076	0	0	15076	1274989	7
6/11/18	5657	5767304	5772960	1262261	37751	0	37751	16025	0	0	16025	1238880	32
6/12/18	5714	5772961	5778674	1264398	38741	0	38741	16446	0	0	16446	1240727	23
6/13/18	5752	5778675	5784426	1233243	34308	0	34308	21825	0	0	21825	1204240	35
6/14/18	5765	5784427	5790191	1158608	27787	0	27787	8273	0	0	8273	1143184	36
6/15/18	5782	5790192	5795973	1140592	40741	0	40741	3627	0	0	3627	1129802	27
6/16/18	5871	5795974	5801844	1115817	30419	0	30419	9915	0	0	9915	1098762	9
6/17/18	5915	5801845	5807759	1110805	34503	0	34503	2981	0	0	2981	1100131	623
6/18/18	5954	5807760	5813713	1177742	31749	0	31749	9194	0	0	9194	1161146	284
6/19/18	5802	5813714	5819515	1242154	43740	0	43740	9454	0	0	9454	1225587	9
6/20/18	5823	5819516	5825338	1320924	31845	0	31845	7149	0	0	7149	1306619	11
6/21/18	5872	5825339	5831210	1344784	27117	0	27117	13756	0	0	13756	1323938	22
6/22/18	5820	5831211	5837030	1337804	42617	0	42617	5060	0	0	5060	1325546	26
6/23/18	5922	5837031	5842952	1192724	28258	0	28258	7189	0	0	7189	1178133	258
6/24/18	5881	5842953	5848833	1227542	29997	0	29997	6400	0	0	6400	1214087	11
6/25/18	5665	5848834	5854498	1406328	37453	0	37453	3696	0	0	3696	1395390	49
6/26/18	5748	5854499	5860246	1275555	25393	0	25393	5368	0	0	5368	1262952	37
6/27/18	5847	5860247	5866093	1377103	22307	0	22307	4012	0	0	4012	1365946	5
6/28/18	5762	5866094	5871855	1346035	23044	0	23044	3960	0	0	3960	1334981	10
6/29/18	5764	5871856	5877619	1389840	26603	0	26603	4830	0	0	4830	1377892	28
6/30/18	5870	5877620	5883489	1286776	16996	0	16996	1907	0	0	1907	1277700	2
7/1/18	5837	5883490	5889326	1247297	10242	0	10242	1544	0	0	1544	1238643	10
