
1908822
1912644
1912891
1912926
1912990
1913196
1914464
1914468
1916030
1933804
1936448
1973265
2032132
2037256
2055838
2073726
2082961
2095638
2095647
2095657
2095703
2095752
2095756
2095903
2107704
2107874
2107893
2107909
2107921
2107928
2107939
2107952
2219260
2219299
2235049
2243538
2270261
2272086
2272090
2276080
2276834
2276842
2282684
2350532
2350560
2350563
2350604
2397453
2400920
2401126
2403206
2404396
2406997
2407039
2591642
2591736
2591792
2591866
2597078
2597089
2601986
2603164
2603255
2619391
2642709
2642732
2651089
2741543
2741561
2766291
2796761
2808379
2809363
2809585
2809662
2809689
2809710
2809726
2809782
2809813
2809846
2809852
2809874
2809884
2809890
2809899
2809921
2809938
2810021
2811985
2811999
2812010
2812245
2812476
2812537
2812556
2812581
2819137
2821503
2824060
2834009
2834014
2834020
2834143
2895627
2897536
2901549
2901575
2901583
2901587
2919375
2919616
2951420
2956470
2956520
2969722
2969738
2969821
2969864
2995565
3029790
3029804
3029812
3029814
3032260
3032283
3032288
3075919
3075931
3075950
3075954
3076015
3076051
3076056
3076059
3076064
3092071
3092078
3092112
3130302
3130310
3130345
3134272
3134289
3134311
3134325
3134364
3176678
3176697
3176704
3176731
3205132
3205230
3205259
3205261
3217797
3226603
3226631
3226774
3226779
3226852
3226924
3226954
3228828
3228946
3229341
3229407
3230692
3230707
3231887
3235102
3235185
3235281
3235768
3236071
3246939
3255920
3262297
3287170
3295383
3295540
3295573
3295583
3295972
3302996
3303279
3316041
3316055
3319214
3319230
3319234
3322756
3322835
3338295
3338307
3338308
3338315
3338356
3338387
3340290
3344563
3344571
3344577
3344584
3344596
3344603
3344614
3345719
3345731
3349618
3359242
3359255
3376740
3376758
3462143
3466071
3485228
3494053
3494121
3495557
3497801
3518575
3518591
3518622
3523076
3523092
3523097
3523405
3523435
3523439
3529436
3532729
3534943
3534985
3536075
3536095
3536128
3536157
3536203
3536443
3536771
3538641
3538650
3538656
3538680
3542187
3542200
3543900
3545057
3558598
3559812
3559816
3559819
3559966
3559983
3560000
3560069
3560425
3560538
3570407
3570408
3570544
3570890
3570896
3576138
3577230
3577258
3577285
3578958
3582231
3582726
3582792
3582818
3582930
3582937
3582958
3594581
3594596
3596720
3599497
3602234
3607060
3610596
3617583
3617995
3619382
3652600
3662126
3663366
3669591
3676050
3678695
3679779
3681451
3692951
3695015
3698849
3698960
3698974
3704034
3704045
3706403
3706610
3709535
3712484
3712557
3712976
3713002
3713060
3713150
3713198
3713245
3714899
3715491
3715817
3715827
3718517
3718522
3719277
3723311
3723548
3723606
3724997
3725236
3725280
3725346
3725360
3725370
3725386
3725412
3725481
3725522
3725547
3725569
3729293
3729297
3729537
3729540
3729578
3729617
3731048
3731058
3731083
3731089
3731096
3731103
3731107
3731114
3731127
3731134
3731149
3731194
3731204
3731227
3731233
3733982
3734024
3734719
3734799
3734828
3736468
3736803
3736815
3736839
3738537
3739949
3740246
3740302
3741490
3741516
3741554
3741590
3741641
3741658
3741679
3741702
3741738
3741749
3741781
3741810
3741834
3741859
3741901
3741915
3741949
3741983
3741994
3743154
3743164
3743210
3743211
3743223
3743235
3743246
3743337
3743365
3743424
3743451
3744093
3744099
3744103
3744123
3754044
3754070
3754076
3754090
3754121
3754169
3754196
3754262
3754301
3755015
3755639
3755990
3756173
3756177
3757509
3760015
3760029
3760076
3760085
3760114
3760244
3760268
3760387
3760416
3760446
3760460
3760493
3760660
3761082
3764478
3765732
3765771
3765801
3765822
3765842
3765896
3770884
3771000
3771113
3771386
3771482
3771485
3772373
3772649
3772660
3774223
3777655
3780652
3783047
3786385
3787399
3787756
3791669
3791683
3791704
3791843
3791854
3793430
3798407
3799971
3801778
3801807
3801819
3807871
3810013
3810086
3813441
3813467
3813505
3813519
3813543
3813552
3814793
3819394
3820688
3821434
3821473
3822070
3824715
3824870
3826702
3827089
3827107
3827125
3827703
3828633
3828651
3828696
3832244
3832272
3832300
3833980
3833987
3836384
3840548
3841007
3841121
3841137
3843755
3848859
3848863
3848876
3848909
3854036
3854065
3854208
3854215
3854238
3857803
3859602
3859818
3859819
3859854
3859883
3866240
3869780
3869794
3873103
3882603
3883746
3884862
3885039
3885121
3885144
3899058
3899073
3899976
3899984
3900154
3902180
3902198
3902215
3902223
3902241
3902287
3903866
3905676
3911850
3913589
3915658
3915908
3916724
3916756
3916830
3916936
3916951
3918725
3918737
3918758
3918777
3918981
3918995
3919005
3919025
3919046
3919085
3919138
3919517
3919953
3919960
3923412
3924294
3924320
3924335
3924469
3926034
3926046
3926081
3926136
3926146
3926488
3928654
3928660
3928666
3928777
3928783
3928791
3928799
3933811
3934428
3934490
3934590
3934704
3934710
3934771
3934838
3934852
3934874
3934924
3939405
3939452
3939468
3939896
3944350
3944361
3944370
3944401
3944577
3944698
3944708
3944733
3948463
3948808
3948825
3948832
3948873
3953865
3955154
3955749
3955755
3955766
3955813
3955907
3955934
3955942
3955952
3955960
3955968
3955986
3955992
3956003
3956037
3956044
3956176
3956186
3956196
3956200
3956208
3956224
3956227
3956240
3957333
3958490
3958511
3958519
3958527
3958536
3958552
3960689
3967295
3967316
3967351
3967362
3970549
3973866
3973879
3973896
3979093
3979108
3981142
3981365
3981372
3983987
3984060
3984065
3984072
3984084
3984095
3984107
3984380
3986687
3988555
3989737
3989760
3989878
3993813
3996203
3996217
3996338
3997332
3997418
3997565
3997598
3998710
3998741
3998780
3998813
4000698
4000783
4003936
4009470
4011015
4011020
4011022
4011026
4011029
4011031
4011199
4011267
4011474
4011475
4011481
4011483
4011489
4011491
4011499
4011515
4011563
4011565
4011579
4011590
4011592
4011593
4011595
4011920
4011939
4011943
4011947
4011951
4011954
4011957
4011972
4012097
4012102
4012110
4012124
4012127
4012133
4012160
4012168
4013150
4015029
4016526
4016555
4016662
4016838
4017168
4017494
4017502
4017532
4017537
4019344
4022163
4022436
4025852
4025895
4026017
4026073
4026138
4026280
4026638
4026653
4026655
4026676
4026849
4029404
4029416
4029429
4029758
4031257
4031339
4031611
4031641
4031654
4031656
4031711
4031734
4031960
4036278
4036706
4039741
4039775
4039777
4039778
4039779
4039791
4039797
4039813
4039814
4044243
4044247
4044248
4044680
4044798
4044823
4044832
4045069
4047715
4047966
4048372
4052593
4054466
4054484
4056975
4057733
4058921
4060101
4063404
4063412
4063450
4063564
4063566
4063596
4063746
4063765
4063773
4063779
4066319
4066530
4066602
4066688
4067324
4067325
4067366
4067387
4067390
4067398
4067447
4067449
4067507
4067571
4067830
4068027
4068038
4068103
4068125
4070674
4071130
4071188
4071582
4071752
4071835
4071845
4072877
4073832
4088841
4089196
4094653
4095964
4096895
4096901
4096953
4097075
4097143
4100141
4100151
4100672
4100980
4101021
4101068
4101692
4101700
4101709
4101727
4101751
4101761
4105055
4105261
4105590
4105633
4105671
4105686
4106988
4107088
4109496
4110925
4113050
4113126
4113140
4113154
4113179
4113229
4113242
4115178
4117846
4117864
4117869
4119083
4119270
4119306
4119314
4119316
4119321
4119331
4119336
4119341
4125226
4127647
4131232
4132607
4132610
4132618
4132633
4132642
4132644
4132649
4132852
4133054
4133089
4133121
4133142
4133238
4133247
4142952
4143835
4143852
4143868
4143926
4143938
4143947
4143965
4145812
4145820
4145824
4145830
4145835
4146016
4146041
4146061
4146078
4146084
4151240
4151315
4152942
4154880
4154886
4154927
4157029
4157037
4164043
4165347
4168082
4172308
4173708
4173956
4175116
4176798
4176808
4176817
4176827
4176851
4176872
4178010
4178034
4178061
4178074
4178101
4178122
4178157
4178182
4178188
4179304
4179324
4179522
4179570
4179934
4184656
4184668
4184736
4184742
4184746
4184820
4184854
4184869
4187402
4187418
4187429
4187438
4187659
4187848
4187860
4187876
4187884
4187888
4187897
4187898
4187899
4192246
4192249
4192256
4192259
4192263
4192267
4192281
4192282
4194811
4195766
4199614
4202633
4204024
4206607
4218588
4231723
4245620
4247190
4249303
4249311
4252542
4252551
4252873
4254042
4254192
4256087
4256128
4256161
4260157
4260162
4260168
4260169
4260173
4260175
4260473
4260486
4260594
4260619
4260687
4260713
4260940
4260959
4260971
4261004
4261038
4262891
4262903
4262916
4263005
4268460
4270983
4270991
4270993
4271004
4271028
4271038
4272020
4272137
4272578
4273728
4273730
4273733
4273737
4273744
4273751
4273756
4273777
4273779
4273788
4273799
4273810
4273816
4273826
4274861
4275123
4275136
4275142
4275145
4275149
4275394
4275419
4278979
4279006
4279072
4280992
4281275
4282280
4282419
4282930
4282958
4283055
4283100
4283301
4284019
4284226
4284233
4284255
4284265
4284271
4284274
4284290
4284302
4284690
4284816
4284825
4291835
4292582
4292737
4294364
4294400
4300161
4300264
4300300
4300311
4300318
4300322
4300328
4300331
4300343
4300352
4300359
4300374
4302361
4302692
4302765
4302790
4304875
4305755
4305799
4306204
4307297
4307308
4307457
4308480
4308681
4308715
4308724
4309938
4310162
4310463
4311487
4311552
4311694
4312866
4312906
4312933
4313247
4315968
4315971
4316083
4316099
4316304
4317970
4321499
4322505
4322998
4323003
4324570
4324578
4324580
4324589
4324594
4324604
4324608
4324613
4324619
4324631
4324649
4324651
4324658
4324667
4327138
4330312
4330831
4332728
4334473
4334601
4336261
4336700
4336728
4336804
4336813
4336829
4337364
4337388
4337436
4337450
4337459
4338791
4341426
4341479
4345289
4349222
4350310
4350314
4350318
4350319
4350322
4350323
4350357
4350454
4351749
4351750
4351778
4351824
4353015
4355745
4362904
4367574
4367580
4367600
4370233
4370262
4370276
4370387
4370885
4371734
4373809
4376656
4377234
4377337
4382199
4382202
4382248
4382259
4382618
4382631
4382633
4385957
4385959
4385964
4385973
4385982
4389891
4395032
4395066
4396967
4408852
4409679
4409685
4409691
4409697
4409705
4409708
4409730
4409732
4409821
4409836
4409843
4409844
4409853
4409857
4409859
4409864
4409876
4412888
4414168
4414174
4417664
4417671
4419140
4421210
4424635
4424636
4424638
4424642
4424644
4424645
4424649
4424654
4424658
4426862
4429696
4431512
4432098
4433074
4433247
4433248
4433251
4433541
4433546
4433549
4433555
4435901
4438982
4438983
4439484
4448014
4448024
4448052
4448139
4448156
4448160
4448166
4448192
4448262
4448283
4448330
4448401
4448408
4448424
4449105
4451800
4453386
4456099
4459995
4462252
4462267
4462278
4464618
4464626
4468703
4469628
4471590
4489567
4495484
4498320
4498356
4498381
4498421
4498441
4498512
4498593
4498752
4510399
4513904
4514393
4515311
4515354
4515989
4522054
4522060
4522070
4522073
4522136
4522181
4522182
4522187
4522189
4522202
4522226
4523306
4523316
4526121
4526142
4526213
4526251
4526270
4526284
4526309
4526321
4526365
4526367
4527188
4527198
4528191
4528382
4528383
4528627
4529194
4530125
4533619
4535812
4543020
4545313
4545414
4546602
4547118
4547430
4547485
4547887
4549065
4549074
4549083
4551689
4551694
4551707
4551810
4551814
4551853
4551893
4552025
4552161
4560107
4565812
4569189
4574140
4574948
4582666
4583049
4585637
4589598
4590364
4590470
4591173
4591203
4591989
4595876
4595885
4596491
4596810
4599275
4600802
4605916
4605922
4605935
4605952
4605958
4610480
4610505
4610535
4610538
4610562
4612545
4614411
4614467
4616382
4619347
4623345
4625521
4625529
4625531
4625550
4625551
4625572
4625977
4625985
4625994
4626006
4626655
4629147
4629150
4632523
4632783
4632789
4633083
4633085
4633088
4633099
4633103
4633612
4633682
4633721
4633731
4633733
4633755
4633764
4633777
4633778
4633784
4633805
4633843
4633852
4634129
4635551
4638008
4638270
4639614
4641136
4644778
4646544
4646581
4646584
4651553
4651805
4651814
4651815
4651816
4651828
4652006
4652028
4652326
4652502
4655214
4656284
4656291
4657292
4658427
4661684
4663843
4704067
4716379
4725961
4726650
4727716
4727718
4728265
4728704
4729444
4729775
4737917
4737922
4737935
4737937
4737939
4737958
4737962
4737981
4737997
4738126
4738136
4738259
4738921
4738923
4738926
4738980
4744817
4746114
4747097
4747131
4748911
4751332
4753520
4755979
4756046
4756169
4756481
4756712
4761094
4761246
4761302
4761767
4762314
4762530
4762834
4762840
4766183
4766305
4768230
4768239
4768389
4770032
4772609
4772645
4774716
4783935
4784064
4789240
4789250
4789258
4789281
4789289
4789304
4789312
4789320
4789342
4789345
4789347
4791301
4791303
4791308
4791315
4791590
4791762
4791914
4792020
4792035
4792043
4792070
4792121
4792127
4792128
4792130
4792133
4792142
4792145
4792146
4792148
4792156
4794208
4796936
4799100
4800716
4800721
4800728
4800868
4800916
4803487
4803756
4804277
4808381
4809104
4809651
4809796
4809806
4810874
4813759
4815504
4815506
4815529
4815535
4815539
4815549
4815611
4817674
4824693
4828274
4841078
4841513
4841547
4841567
4841586
4841665
4841681
4841858
4844100
4844131
4844505
4844591
4844701
4844876
4844912
4844949
4846472
4846545
4846600
4846700
4846729
4848609
4848663
4849144
4849362
4849375
4849381
4849387
4849762
4849775
4850553
4850602
4850623
4850639
4850683
4850703
4850705
4850714
4851458
4854395
4854548
4854591
4854613
4854614
4854623
4854624
4854625
4854693
4854708
4854724
4854725
4854737
4855787
4856251
4856258
4860379
4860389
4866112
4866950
4866951
4867487
4868946
4869128
4869650
4873942
4886396
4886405
4886562
4886596
4891577
4892100
4893420
4898061
4898395
4901174
4901176
4901181
4901185
4906671
4913042
4917468
4924349
4927455
4936144
4936178
4936434
4941818
4942970
4944598
4950647
4955284
4960910
4961111
4961130
4961137
4962118
4962160
4962174
4975885
4975975
4976245
4980193
4982933
4985540
4987203
4991710
4992134
4994810
5004310
5005035
5005868
5012124
5012864
5012932
5013211
5013213
5013363
5013396
5013411
5013421
5013429
5013444
5013453
5013454
5013463
5013494
5013517
5013546
5013551
5013565
5015610
5017867
5018832
5021936
5028547
5028611
5028913
5028959
5030029
5030080
5030095
5030377
5030696
5034040
5034068
5035812
5035823
5038678
5038691
5038714
5038745
5042170
5042287
5042403
5042414
5042431
5042450
5042656
5045501
5053271
5059581
5060264
5065909
5066108
5077198
5081481
5083239
5099025
5118292
5131981
5132484
5132491
5132511
5132513
5136432
5141244
5141771
5142559
5143717
5143724
5145015
5145027
5145044
5145517
5147784
5162576
5169275
5181218
5184102
5184546
5184752
5192633
5197467
5207051
5218764
5220816
5223926
5232963
5232967
5234729
5234800
5234842
5234850
5234853
5238055
5238068
5242909
5245171
5247900
5248133
5248137
5248338
5248409
5248469
5249577
5249749
5255284
5259556
5259569
5259572
5259627
5260376
5264092
5265963
5265970
5265995
5266208
5266251
5266582
5266647
5266671
5266693
5270873
5271076
5272146
5272483
5276661
5277502
5277956
5277965
5282534
5285503
5285508
5295012
5297663
5297820
5301060
5302539
5312649
5312667
5312679
5312683
5312691
5312699
5312725
5314243
5314273
5314803
5314823
5314842
5314908
5314949
5319299
5319301
5319351
5319353
5319399
5319422
5319437
5319438
5322189
5326724
5328269
5328699
5330833
5333626
5339130
5339701
5339716
5339725
5339765
5340544
5344615
5345712
5345720
5345832
5345902
5348313
5348530
5348672
5348679
5350316
5356546
5356572
5356648
5356671
5357871
5357882
5357892
5361421
5361704
5361714
5361773
5361808
5361834
5361850
5361879
5362046
5362067
5362152
5362234
5362247
5362280
5362296
5362305
5362429
5363050
5363512
5365674
5365842
5367555
5367559
5368365
5370384
5378845
5384280
5404139
5404779
5411182
5411413
5411486
5411731
5411749
5411811
5416781
5417139
5417304
5417310
5421604
5421717
5421726
5421733
5421743
5421748
5421759
5423664
5424284
5426352
5426360
5427542
5428226
5428436
5428453
5429317
5429988
5433093
5433794
5433915
5434858
5435206
5440631
5440654
5440694
5446203
5446273
5449913
5464041
5465880
5468826
5470244
5470279
5474759
5475275
5475334
5475460
5475494
5476108
5480205
5480503
5480575
5480589
5480816
5481126
5482614
5482632
5487142
5487264
5497917
5505976
5506011
5506108
5507010
5507525
5509272
5509987
5509993
5510832
5510999
5511716
5511725
5511877
5514673
5521537
5521570
5522177
5522194
5522403
5522449
5522485
5526902
5527001
5528158
5531570
5531611
5533038
5540140
5549106
5551506
5551541
5553476
5554868
5554885
5555344
5561321
5562177
5570794
5571211
5571510
5571530
5571552
5571563
5571712
5571795
5573123
5573205
5578611
5578660
5578676
5579845
5579850
5579877
5579885
5580613
5585616
5591505
5591552
5591613
5591876
5591893
5592797
5596284
5597785
5598603
5598653
5598684
5598689
5600588
5615441
5618434
5624759
5625729
5625731
5625743
5625764
5625766
5625775
5626795
5626977
5627061
5627120
5628522
5628526
5629573
5629584
5631459
5631656
5631905
5631926
5631977
5631980
5632010
5632015
5632315
5632646
5635115
5635437
5635654
5636287
5637060
5637094
5637141
5637504
5637523
5637913
5639052
5639550
5639556
5641762
5641784
5642354
5642371
5642658
5643033
5643044
5643047
5643177
5643258
5643350
5643789
5644025
5645054
5645059
5645070
5645117
5645120
5645125
5645309
5645535
5645564
5645576
5646599
5646691
5650228
5660386
5660757
5665408
5670495
5670529
5670592
5670642
5670680
5670696
5671010
5671151
5671615
5671924
5671927
5671937
5674090
5674318
5674421
5677106
5677117
5677128
5677136
5677172
5677176
5677203
5677206
5677213
5677229
5679487
5679495
5680818
5681409
5681450
5681463
5681479
5681506
5681528
5681544
5681548
5681635
5681663
5681668
5681670
5681690
5681771
5681785
5681906
5681923
5681932
5681954
5681994
5682048
5682251
5684816
5685580
5687482
5687507
5690592
5690598
5690602
5690758
5690953
5692891
5692894
5692900
5692903
5694006
5696661
5696831
5696862
5696866
5704646
5705077
5705210
5706640
5706651
5709251
5709259
5709287
5709290
5709943
5709965
5710137
5710452
5710733
5710752
5710820
5710863
5710916
5711894
5713015
5714193
5714239
5714263
5714265
5714301
5715319
5718723
5719935
5726882
5726986
5727585
5734052
5736078
5736119
5736781
5743960
5744688
5744943
5747642
5747790
5748138
5748902
5760391
5760880
5765726
5769006
5771635
5774052
5776990
5778810
5778911
5778952
5778959
5778974
5778978
5778989
5779003
5779018
5779031
5779033
5782717
5783966
5784133
5784144
5784188
5784244
5784357
5785936
5790124
5798384
5801606
5801650
5801816
5801834
5801840
5801842
5801859
5801861
5801864
5801870
5804811
5809020
5813290
5813339
5813356
5813387
5817091
5817101
5817103
5817174
5826213
5826981
5830012
5830750
5831055
5832692
5833805
5833809
5834733
5854287
5860323
5866041
5866105
5866649
5866674
5866676
5866678
5866778
5867066
5868440
5868442
5868542
5869052
5869087
5870370
5871059
5872587
5876268
5876329
5876874
5877197
5877210
5877725
5878243
5879038
5888399
5895144
5895296
5899657
5905141
5914541
5918665
5918674
5918753
5920876
5921120
5921150
5921191
5923601
5923673
5923713
5923794
5926374
5926384
5926407
5926466
5926549
5926576
5930278
5933287
5933323
5935280
5938471
5938629
5938654
5939074
5940898
5941545
5944895
5951538
5953215
5953260
5958866
5959006
5970621
5972471
5973700
5974692
5979776
5980775
5989241
5996948
