blockNum	date	nEmpty	nFull	pctFull	nTrans	tx/full blk	tx/all blks	nTraces
0050000	2015-08-07 21:23:54 UTC	48548	1456	0.0291177	1872	1.28571	0.037437	0
0060000	2015-08-09 19:07:53 UTC	56454	3548	0.0591314	5925	1.66995	0.0987467	0
0070000	2015-08-11 17:14:32 UTC	64133	5870	0.0838535	12601	2.14668	0.180007	0
0080000	2015-08-13 15:09:46 UTC	71835	8166	0.102074	16788	2.05584	0.209847	0
0090000	2015-08-15 09:52:50 UTC	79066	10936	0.121508	22682	2.07407	0.252017	0
0100000	2015-08-17 08:12:48 UTC	86849	13155	0.131545	26971	2.05025	0.269699	0
0110000	2015-08-19 06:38:58 UTC	94287	15717	0.142877	31379	1.9965	0.285253	0
0120000	2015-08-21 10:14:54 UTC	102036	17966	0.149714	38252	2.12913	0.318761	0
0130000	2015-08-23 08:52:29 UTC	109651	20354	0.156563	46037	2.26182	0.354117	0
0140000	2015-08-25 08:15:15 UTC	117401	22600	0.161427	54482	2.41071	0.389154	0
0150000	2015-08-27 07:54:33 UTC	124636	25366	0.169104	63337	2.49693	0.422241	0
0160000	2015-08-29 11:48:21 UTC	131743	28260	0.176622	73798	2.61139	0.461229	0
0170000	2015-08-31 21:40:56 UTC	138641	31359	0.184465	84499	2.69457	0.497053	0
0180000	2015-09-03 15:17:46 UTC	144920	35081	0.194893	98752	2.81497	0.548619	0
0190000	2015-09-05 20:53:34 UTC	151701	38307	0.201607	110786	2.89206	0.58306	0
0200000	2015-09-07 21:33:11 UTC	158443	41558	0.207789	121794	2.9307	0.608967	0
0210000	2015-09-09 21:41:48 UTC	164966	45036	0.214455	133030	2.95386	0.63347	0
0220000	2015-09-11 21:15:29 UTC	171454	48546	0.220664	144701	2.9807	0.657732	0
0230000	2015-09-13 21:14:59 UTC	178118	51882	0.225574	156399	3.01451	0.679996	0
0240000	2015-09-15 22:33:59 UTC	184549	55454	0.231055	168646	3.04119	0.702683	0
0250000	2015-09-17 23:54:48 UTC	190550	59455	0.237815	180013	3.02772	0.720038	0
0260000	2015-09-20 00:04:35 UTC	196724	63284	0.243393	191036	3.01871	0.734731	0
0270000	2015-09-21 22:00:28 UTC	202698	67302	0.249267	203346	3.0214	0.753133	0
0280000	2015-09-23 21:04:51 UTC	208240	71760	0.256286	216507	3.0171	0.773239	0
0290000	2015-09-25 20:39:51 UTC	214261	75741	0.261174	228555	3.01759	0.788115	0
0300000	2015-09-27 21:28:14 UTC	220454	79547	0.265156	241385	3.0345	0.804614	0
0310000	2015-09-30 01:01:44 UTC	226571	83429	0.269126	253752	3.04153	0.818555	0
0320000	2015-10-02 01:08:01 UTC	232599	87403	0.273133	266058	3.04404	0.831426	0
0330000	2015-10-03 23:59:55 UTC	238494	91508	0.277295	278010	3.0381	0.842449	0
0340000	2015-10-06 00:30:37 UTC	244257	95746	0.281603	291014	3.03944	0.855916	0
0350000	2015-10-08 01:24:22 UTC	249776	100225	0.286356	304870	3.04186	0.871055	0
0360000	2015-10-10 01:05:17 UTC	255302	104699	0.290830	318437	3.04145	0.884545	0
0370000	2015-10-12 01:21:05 UTC	261042	108958	0.294481	330956	3.03746	0.894476	0
0380000	2015-10-14 00:05:04 UTC	266341	113661	0.299106	344151	3.02787	0.905656	0
0390000	2015-10-16 00:46:59 UTC	271549	118452	0.303722	357659	3.01944	0.917072	0
0400000	2015-10-18 01:04:00 UTC	276729	123275	0.308184	371107	3.0104	0.927758	0
0410000	2015-10-20 01:26:50 UTC	281973	128027	0.312261	384203	3.00095	0.93708	0
0420000	2015-10-22 01:30:10 UTC	287541	132459	0.315379	396290	2.99179	0.943548	0
0430000	2015-10-24 00:59:32 UTC	292822	137181	0.319023	408997	2.98144	0.951149	0
0440000	2015-10-25 23:42:09 UTC	298238	141762	0.322186	421005	2.9698	0.95683	0
0450000	2015-10-27 22:57:21 UTC	303640	146360	0.325244	433517	2.96199	0.963371	0
0460000	2015-10-29 22:38:04 UTC	308271	151729	0.329846	448509	2.95599	0.97502	0
0470000	2015-10-31 20:44:08 UTC	313142	156859	0.333742	462622	2.94929	0.9843	0
0480000	2015-11-02 19:46:02 UTC	318374	161628	0.336724	476284	2.94679	0.992254	0
0490000	2015-11-04 18:54:13 UTC	323669	166331	0.339451	490171	2.94696	1.00035	0
0500000	2015-11-06 18:02:09 UTC	328719	171283	0.342565	504710	2.94664	1.00942	0
0510000	2015-11-08 17:45:36 UTC	332740	177261	0.347570	527742	2.9772	1.03479	0
0520000	2015-11-10 17:47:10 UTC	337509	182491	0.350944	544228	2.98222	1.04659	0
0530000	2015-11-12 17:17:00 UTC	341282	188718	0.356072	563604	2.98649	1.0634	0
0540000	2015-11-14 16:04:18 UTC	345976	194024	0.359304	579021	2.98428	1.07226	0
0550000	2015-11-16 15:01:05 UTC	351186	198815	0.361481	593201	2.98368	1.07855	0
0560000	2015-11-18 14:01:07 UTC	356566	203434	0.363275	607615	2.98679	1.08503	0
0570000	2015-11-20 14:48:02 UTC	361364	208637	0.366029	623549	2.98868	1.09394	0
0580000	2015-11-22 14:53:24 UTC	366439	213562	0.368210	637436	2.98478	1.09903	0
0590000	2015-11-24 14:25:21 UTC	371226	218774	0.370803	652457	2.98233	1.10586	0
0600000	2015-11-26 14:27:50 UTC	376420	223580	0.372633	666909	2.98287	1.11152	0
0610000	2015-11-28 14:04:10 UTC	381751	228250	0.374180	680562	2.98165	1.11567	0
0620000	2015-11-30 13:37:40 UTC	386894	233107	0.375978	695858	2.98514	1.12235	0
0630000	2015-12-02 13:05:00 UTC	392093	237910	0.377633	709574	2.98253	1.1263	0
0640000	2015-12-04 12:52:49 UTC	397280	242720	0.379250	723042	2.97891	1.12975	0
0650000	2015-12-06 13:19:56 UTC	402266	247735	0.381130	739284	2.98417	1.13736	0
0660000	2015-12-08 13:25:06 UTC	407297	252703	0.382883	753016	2.97985	1.14093	0
0670000	2015-12-10 12:22:57 UTC	412418	257583	0.384452	766749	2.97671	1.1444	0
0680000	2015-12-12 11:46:38 UTC	416849	263151	0.386987	782630	2.97407	1.15093	0
0690000	2015-12-14 10:22:41 UTC	421069	268931	0.389755	800210	2.97552	1.15972	0
0700000	2015-12-16 10:06:08 UTC	423684	276316	0.394737	835192	3.0226	1.19313	0
0710000	2015-12-18 09:41:36 UTC	427688	282314	0.397624	854196	3.02569	1.20309	0
0720000	2015-12-20 09:39:03 UTC	431788	288213	0.400295	872688	3.02793	1.21206	0
0730000	2015-12-22 09:22:10 UTC	435700	294303	0.403153	895176	3.04168	1.22626	0
0740000	2015-12-24 08:41:18 UTC	439003	300997	0.406753	937769	3.11554	1.26726	0
0750000	2015-12-26 08:11:42 UTC	442809	307191	0.409588	959855	3.12462	1.27981	0
0760000	2015-12-28 07:52:48 UTC	446533	313467	0.412457	992739	3.16696	1.30624	0
0770000	2015-12-30 07:47:31 UTC	449972	320028	0.415621	1018117	3.18134	1.32223	0
0780000	2016-01-01 07:10:03 UTC	453810	326191	0.418193	1048040	3.21296	1.34364	0
0790000	2016-01-03 07:07:51 UTC	458266	331735	0.419917	1065397	3.21159	1.3486	0
0800000	2016-01-05 06:03:44 UTC	462557	337444	0.421804	1083904	3.2121	1.35488	0
0810000	2016-01-07 05:13:12 UTC	465380	344621	0.425457	1125611	3.26623	1.38964	0
0820000	2016-01-09 04:40:51 UTC	469068	350932	0.427966	1150115	3.27732	1.40258	0
0830000	2016-01-11 03:30:04 UTC	472811	357189	0.430348	1172168	3.28165	1.41225	0
0840000	2016-01-13 03:35:47 UTC	476776	363224	0.432410	1193825	3.28675	1.42122	0
0850000	2016-01-15 02:59:07 UTC	480587	369413	0.434604	1221874	3.30761	1.4375	0
0860000	2016-01-17 02:32:03 UTC	484961	375039	0.436092	1242094	3.31191	1.4443	0
0870000	2016-01-19 01:41:34 UTC	489083	380917	0.437836	1264783	3.32036	1.45377	0
0880000	2016-01-21 01:45:09 UTC	493095	386909	0.439667	1288958	3.33142	1.46472	0
0890000	2016-01-23 01:59:03 UTC	497055	392945	0.441511	1313957	3.34387	1.47636	0
0900000	2016-01-25 01:30:23 UTC	500859	399142	0.443491	1337392	3.35067	1.48599	0
0910000	2016-01-27 01:22:55 UTC	503895	406107	0.446270	1371096	3.37619	1.5067	0
0920000	2016-01-29 01:01:16 UTC	506761	413239	0.449173	1406389	3.40333	1.52868	0
0930000	2016-01-31 01:02:20 UTC	509780	420221	0.451850	1437399	3.42058	1.54559	0
0940000	2016-02-02 01:30:24 UTC	513021	426979	0.454233	1466094	3.43364	1.55967	0
0950000	2016-02-04 00:56:38 UTC	516461	433539	0.456357	1494138	3.44638	1.57278	0
0960000	2016-02-06 00:24:10 UTC	519758	440242	0.458585	1523758	3.46118	1.58725	0
0970000	2016-02-08 00:00:52 UTC	522901	447099	0.460927	1569180	3.50969	1.61771	0
0980000	2016-02-09 23:28:12 UTC	526112	453890	0.463152	1599083	3.52306	1.63171	0
0990000	2016-02-11 23:24:30 UTC	528662	461338	0.465998	1637420	3.54928	1.65396	0
1000000	2016-02-13 22:54:13 UTC	531055	468945	0.468945	1674264	3.57028	1.67426	0
1010000	2016-02-15 22:59:21 UTC	533805	476195	0.471480	1708667	3.58817	1.69175	0
1020000	2016-02-17 23:30:41 UTC	536318	483682	0.474198	1746565	3.61098	1.71232	0
1030000	2016-02-19 23:26:37 UTC	538920	491080	0.476777	1781717	3.62816	1.72982	0
1040000	2016-02-21 23:00:46 UTC	541346	498655	0.479476	1815353	3.6405	1.74553	0
1050000	2016-02-23 22:26:43 UTC	543678	506322	0.482211	1850617	3.65502	1.76249	0
1060000	2016-02-25 22:03:04 UTC	545724	514276	0.485166	1889338	3.67378	1.78239	0
1070000	2016-02-27 21:35:40 UTC	547924	522076	0.487921	1930080	3.69693	1.80381	0
1080000	2016-02-29 22:09:18 UTC	550045	529955	0.490699	1970002	3.7173	1.82408	0
1090000	2016-03-02 21:53:26 UTC	552023	537977	0.493557	2014641	3.74485	1.84829	0
1100000	2016-03-04 21:42:08 UTC	553960	546040	0.496400	2062472	3.77714	1.87497	0
1110000	2016-03-06 21:10:12 UTC	555765	554236	0.499311	2116261	3.81834	1.90654	0
1120000	2016-03-08 21:15:04 UTC	557742	562258	0.502016	2165366	3.8512	1.93336	0
1130000	2016-03-10 20:37:59 UTC	559951	570049	0.504468	2211352	3.87923	1.95695	0
1140000	2016-03-12 19:47:12 UTC	562211	577789	0.506832	2262973	3.91661	1.98506	0
1150000	2016-03-14 18:49:53 UTC	564411	585589	0.509208	2317095	3.95686	2.01487	0
1160000	2016-03-16 11:33:06 UTC	566862	593138	0.511326	2364381	3.98622	2.03826	0
1170000	2016-03-18 02:59:29 UTC	569065	600935	0.513620	2419295	4.02588	2.06777	0
1180000	2016-03-19 19:01:00 UTC	571342	608658	0.515812	2474540	4.06557	2.09707	0
1190000	2016-03-21 10:41:52 UTC	573799	616201	0.517816	2528111	4.10274	2.12446	0
1200000	2016-03-23 02:38:19 UTC	576281	623722	0.519767	2583188	4.14157	2.15265	0
1210000	2016-03-24 18:24:12 UTC	578577	631423	0.521837	2639941	4.18094	2.18177	0
1220000	2016-03-26 09:55:23 UTC	580418	639582	0.524248	2698124	4.21857	2.21158	0
1230000	2016-03-28 01:22:02 UTC	583007	646993	0.526011	2753939	4.25652	2.23897	0
1240000	2016-03-29 17:28:51 UTC	585311	654689	0.527975	2810235	4.29247	2.26632	0
1250000	2016-03-31 08:59:41 UTC	587490	662510	0.530008	2868027	4.32903	2.29442	0
1260000	2016-04-02 00:46:27 UTC	589770	670230	0.531929	2921969	4.35965	2.31902	0
1270000	2016-04-03 16:50:12 UTC	592444	677556	0.533509	2970165	4.38365	2.33871	0
1280000	2016-04-05 08:36:56 UTC	594852	685149	0.535272	3028510	4.42022	2.36602	0
1290000	2016-04-07 00:29:49 UTC	597440	692563	0.536869	3087325	4.45783	2.39327	0
1300000	2016-04-08 16:24:34 UTC	600000	700000	0.538462	3141961	4.48852	2.41689	0
1310000	2016-04-10 08:29:28 UTC	602830	707170	0.539824	3195387	4.51856	2.43923	0
1320000	2016-04-12 00:25:04 UTC	605298	714702	0.541441	3247546	4.54392	2.46026	0
1330000	2016-04-13 16:05:33 UTC	607893	722107	0.542938	3302318	4.57317	2.48295	0
1340000	2016-04-15 08:13:41 UTC	610356	729644	0.544510	3363728	4.61009	2.51024	0
1350000	2016-04-16 23:53:00 UTC	613028	736972	0.545905	3417867	4.63772	2.53175	0
1360000	2016-04-18 15:48:11 UTC	615452	744549	0.547462	3482091	4.67678	2.56036	0
1370000	2016-04-20 07:40:39 UTC	617861	752139	0.549007	3536920	4.70248	2.58169	0
1380000	2016-04-21 23:32:50 UTC	620200	759801	0.550580	3594379	4.73068	2.60462	0
1390000	2016-04-23 15:17:30 UTC	622799	767201	0.551943	3648146	4.75514	2.62457	0
1400000	2016-04-25 07:13:05 UTC	625373	774627	0.553305	3700750	4.77746	2.64339	0
1410000	2016-04-26 22:52:49 UTC	627623	782377	0.554877	3759384	4.80508	2.66623	0
1420000	2016-04-28 14:57:15 UTC	629817	790183	0.556467	3814069	4.82682	2.68596	0
1430000	2016-04-30 06:43:54 UTC	631755	798245	0.558213	3878041	4.85821	2.71192	0
1440000	2016-05-01 22:17:45 UTC	633368	806632	0.560161	3949639	4.89646	2.7428	0
1450000	2016-05-03 14:20:56 UTC	635149	814851	0.561966	4016472	4.92909	2.76998	0
1460000	2016-05-05 06:17:49 UTC	637002	822998	0.563697	4079903	4.95737	2.79445	0
1470000	2016-05-06 21:51:02 UTC	638745	831255	0.565480	4145476	4.98701	2.82005	0
1480000	2016-05-08 13:45:37 UTC	640589	839411	0.567170	4207366	5.01228	2.84281	0
1490000	2016-05-10 05:37:00 UTC	642472	847528	0.568811	4271175	5.03957	2.86656	0
1500000	2016-05-11 21:45:33 UTC	644102	855898	0.570599	4341151	5.07204	2.8941	0
1510000	2016-05-13 13:23:55 UTC	645475	864525	0.572533	4411757	5.1031	2.92169	0
1520000	2016-05-15 05:31:24 UTC	646824	873176	0.574458	4490669	5.14291	2.95439	0
1530000	2016-05-16 21:19:16 UTC	648564	881436	0.576102	4558194	5.17133	2.97921	0
1540000	2016-05-18 13:18:38 UTC	650041	889959	0.577895	4629191	5.20158	3.00597	0
1550000	2016-05-20 04:48:36 UTC	651568	898432	0.579634	4704350	5.23618	3.03506	0
1560000	2016-05-21 20:41:28 UTC	653024	906976	0.581395	4779056	5.26922	3.0635	0
1570000	2016-05-23 12:33:58 UTC	654686	915316	0.583003	4843378	5.29148	3.08495	0
1580000	2016-05-25 04:28:59 UTC	656098	923902	0.584748	4915776	5.32067	3.11125	0
1590000	2016-05-26 20:15:14 UTC	657597	932403	0.586417	4999979	5.36247	3.14464	0
1600000	2016-05-28 12:15:49 UTC	658779	941221	0.588263	5092054	5.41005	3.18253	0
1610000	2016-05-30 04:08:30 UTC	660208	949792	0.589933	5178058	5.45178	3.21619	0
1620000	2016-05-31 19:50:10 UTC	661697	958303	0.591545	5250852	5.47932	3.24127	0
1630000	2016-06-02 12:11:18 UTC	663466	966534	0.592966	5318949	5.50312	3.26316	0
1640000	2016-06-04 03:42:28 UTC	665284	974716	0.594339	5386860	5.52659	3.28467	0
1650000	2016-06-05 19:36:28 UTC	667322	982679	0.595563	5449596	5.54565	3.30278	0
1660000	2016-06-07 11:24:07 UTC	669111	990890	0.596921	5514029	5.56472	3.3217	0
1670000	2016-06-09 02:58:22 UTC	670948	999052	0.598235	5585328	5.59063	3.34451	0
1680000	2016-06-10 18:46:48 UTC	672670	1007330	0.599601	5652988	5.61185	3.36487	0
1690000	2016-06-12 10:35:27 UTC	674458	1015542	0.600912	5717064	5.62957	3.38288	0
1700000	2016-06-14 01:57:29 UTC	675961	1024039	0.602376	5791808	5.65585	3.40695	0
1710000	2016-06-15 17:44:55 UTC	677344	1032656	0.603892	5867167	5.68163	3.43109	0
1720000	2016-06-17 09:49:21 UTC	678591	1041409	0.605470	5947156	5.71068	3.45765	0
1730000	2016-06-19 02:38:49 UTC	682704	1047296	0.605373	6062847	5.78905	3.50454	0
1740000	2016-06-20 17:58:41 UTC	686323	1053680	0.605562	6135572	5.82299	3.52618	0
1750000	2016-06-22 10:01:51 UTC	689672	1060329	0.605902	6218699	5.86488	3.55354	0
1760000	2016-06-24 01:44:35 UTC	693241	1066760	0.606113	6293478	5.89962	3.57584	0
1770000	2016-06-25 17:14:44 UTC	696593	1073407	0.606445	6361728	5.92667	3.5942	0
1780000	2016-06-27 09:04:59 UTC	698509	1081492	0.607579	6427722	5.94338	3.61108	0
1790000	2016-06-29 00:47:52 UTC	700117	1089884	0.608873	6498491	5.96255	3.63044	0
1800000	2016-06-30 16:38:10 UTC	701327	1098673	0.610374	6599144	6.00647	3.66619	0
1810000	2016-07-02 08:24:32 UTC	703151	1106849	0.611519	6664107	6.02079	3.68183	0
1820000	2016-07-04 00:07:14 UTC	704871	1115129	0.612708	6729736	6.03494	3.69766	0
1830000	2016-07-05 15:31:20 UTC	706530	1123470	0.613918	6795096	6.04831	3.71317	0
1840000	2016-07-07 07:50:17 UTC	708523	1131477	0.614933	6859324	6.06227	3.72789	0
1850000	2016-07-08 23:33:44 UTC	710411	1139590	0.615994	6928508	6.07983	3.74514	0
1860000	2016-07-10 14:59:18 UTC	712309	1147691	0.617038	6997509	6.09703	3.7621	0
1870000	2016-07-12 06:36:56 UTC	714233	1155771	0.618058	7058236	6.10695	3.77445	0
1880000	2016-07-13 22:24:35 UTC	716250	1163750	0.619016	7121330	6.1193	3.78794	0
1890000	2016-07-15 14:21:39 UTC	718653	1171347	0.619760	7194453	6.14203	3.80659	0
1900000	2016-07-17 06:02:39 UTC	721023	1178977	0.620514	7255023	6.15366	3.81843	0
1910000	2016-07-18 21:33:32 UTC	723442	1186559	0.621235	7312538	6.16281	3.82855	0
1920000	2016-07-20 13:20:40 UTC	726109	1193891	0.621818	7388620	6.18869	3.84824	0
1930000	2016-07-22 05:25:18 UTC	728141	1201860	0.622725	7466982	6.21286	3.8689	0
1940000	2016-07-23 21:02:15 UTC	730443	1209557	0.623483	7548763	6.24093	3.89111	0
1950000	2016-07-25 13:20:11 UTC	732207	1217793	0.624509	7640526	6.27408	3.91822	0
1960000	2016-07-27 06:04:24 UTC	733810	1226190	0.625607	7737907	6.31053	3.94791	0
1970000	2016-07-28 20:59:40 UTC	735680	1234320	0.626558	7824342	6.33899	3.97175	0
1980000	2016-07-30 13:05:31 UTC	737935	1242065	0.627306	7895728	6.35694	3.98774	0
1990000	2016-08-01 04:59:09 UTC	740177	1249823	0.628052	7976006	6.38171	4.00804	0
2000000	2016-08-02 21:32:58 UTC	742135	1257865	0.628933	8057391	6.40561	4.0287	0
2010000	2016-08-04 13:02:33 UTC	744585	1265415	0.629560	8138187	6.43124	4.04885	0
2020000	2016-08-06 04:33:04 UTC	747069	1272933	0.630164	8207961	6.44807	4.06334	0
2030000	2016-08-07 20:21:29 UTC	749852	1280148	0.630615	8281326	6.46904	4.07947	0
2040000	2016-08-09 11:51:11 UTC	752606	1287394	0.631075	8347862	6.48431	4.09209	0
2050000	2016-08-11 03:19:28 UTC	755153	1294847	0.631633	8428526	6.50928	4.11148	0
2060000	2016-08-12 19:04:25 UTC	757752	1302249	0.632159	8507674	6.53306	4.12994	0
2070000	2016-08-14 10:58:07 UTC	760852	1309148	0.632439	8572065	6.54782	4.14109	0
2080000	2016-08-16 02:25:44 UTC	763790	1316210	0.632793	8643247	6.56677	4.15541	0
2090000	2016-08-17 18:21:54 UTC	766593	1323407	0.633209	8723926	6.59202	4.17413	0
2100000	2016-08-19 09:51:01 UTC	769754	1330246	0.633450	8797545	6.61347	4.18931	0
2110000	2016-08-21 01:28:18 UTC	773275	1336726	0.633519	8865685	6.63239	4.20174	0
2120000	2016-08-22 16:56:10 UTC	776612	1343388	0.633674	8935541	6.6515	4.21488	0
2130000	2016-08-24 08:40:12 UTC	779574	1350426	0.634003	9015115	6.67576	4.23245	0
2140000	2016-08-26 00:13:04 UTC	782751	1357249	0.634229	9096672	6.70229	4.25078	0
2150000	2016-08-27 16:04:38 UTC	785981	1364019	0.634427	9180952	6.73081	4.27021	0
2160000	2016-08-29 07:46:24 UTC	789584	1370417	0.634452	9246281	6.74706	4.28068	0
2170000	2016-08-30 23:38:24 UTC	792738	1377263	0.634683	9326260	6.77159	4.29781	0
2180000	2016-09-01 15:16:25 UTC	795676	1384324	0.635011	9407118	6.79546	4.31519	0
2190000	2016-09-03 07:10:38 UTC	798074	1391926	0.635583	9488462	6.81679	4.33263	0
2200000	2016-09-04 23:09:21 UTC	800954	1399046	0.635930	9566082	6.83758	4.34822	0
2210000	2016-09-06 14:51:16 UTC	804108	1405892	0.636150	9647365	6.8621	4.36532	0
2220000	2016-09-08 06:25:02 UTC	807259	1412743	0.636370	9718754	6.87935	4.37781	0
2230000	2016-09-09 22:02:37 UTC	809853	1420149	0.636838	9816316	6.91217	4.40193	0
2240000	2016-09-11 13:40:24 UTC	812919	1427083	0.637090	9888949	6.92948	4.41471	0
2250000	2016-09-13 05:27:54 UTC	815988	1434013	0.637339	9959890	6.94547	4.42662	0
2260000	2016-09-14 21:07:48 UTC	818357	1441643	0.637895	10043547	6.96674	4.44405	0
2270000	2016-09-16 12:43:24 UTC	820752	1449248	0.638435	10135289	6.99348	4.46489	0
2280000	2016-09-18 04:25:39 UTC	823167	1456833	0.638962	10211316	7.00926	4.47865	0
2290000	2016-09-19 20:36:42 UTC	826230	1463771	0.639201	10273508	7.01852	4.48625	0
2300000	2016-09-21 11:41:01 UTC	827707	1472293	0.640127	10359130	7.03605	4.50397	0
2310000	2016-09-23 04:03:21 UTC	830984	1479019	0.640267	10441070	7.05946	4.51994	0
2320000	2016-09-24 19:56:21 UTC	837066	1482934	0.639196	10505340	7.08416	4.52816	0
2330000	2016-09-26 11:45:24 UTC	841718	1488282	0.638748	10566216	7.09961	4.53486	0
2340000	2016-09-28 03:14:46 UTC	846256	1493745	0.638352	10647962	7.12837	4.55041	0
2350000	2016-09-29 18:39:22 UTC	850600	1499404	0.638043	10715623	7.14659	4.55983	0
2360000	2016-10-01 11:00:05 UTC	855124	1504877	0.637659	10787478	7.16835	4.57096	0
2370000	2016-10-03 02:55:33 UTC	859816	1510184	0.637208	10870376	7.19805	4.58666	0
2380000	2016-10-04 18:08:00 UTC	864278	1515722	0.636858	10958898	7.23015	4.60458	0
2390000	2016-10-06 10:11:06 UTC	869726	1520277	0.636098	11025976	7.25261	4.61337	0
2400000	2016-10-08 03:17:46 UTC	875126	1524874	0.635364	11096670	7.27711	4.62361	0
2410000	2016-10-09 18:21:14 UTC	879716	1530284	0.634973	11162430	7.29435	4.63171	0
2420000	2016-10-11 10:01:57 UTC	884011	1535990	0.634706	11234398	7.31411	4.64231	0
2430000	2016-10-13 02:31:59 UTC	890221	1539779	0.633654	11290943	7.33283	4.64648	0
2440000	2016-10-14 17:49:35 UTC	896089	1543911	0.632750	11353002	7.3534	4.65287	0
2450000	2016-10-16 09:17:47 UTC	900824	1549178	0.632317	11409688	7.36499	4.65701	0
2460000	2016-10-18 01:23:13 UTC	904441	1555559	0.632341	11471398	7.37445	4.66317	0
2470000	2016-10-19 17:50:11 UTC	908120	1561881	0.632340	11552420	7.39648	4.67709	0
2480000	2016-10-21 08:36:43 UTC	912549	1567452	0.632037	11627352	7.418	4.68845	0
2490000	2016-10-23 00:07:26 UTC	917005	1572995	0.631725	11698742	7.43724	4.69829	0
2500000	2016-10-24 15:59:54 UTC	921638	1578363	0.631345	11775902	7.46083	4.71036	0
2510000	2016-10-26 07:35:46 UTC	925730	1584270	0.631183	11848657	7.47894	4.72058	0
2520000	2016-10-27 23:16:36 UTC	929957	1590044	0.630970	11922703	7.49835	4.73123	0
2530000	2016-10-29 16:33:21 UTC	934323	1595678	0.630703	11992730	7.51576	4.74021	0
2540000	2016-10-31 08:19:14 UTC	939150	1600853	0.630256	12061159	7.53421	4.74848	0
2550000	2016-11-02 01:00:49 UTC	943712	1606289	0.629917	12139816	7.55768	4.76071	0
2560000	2016-11-03 17:16:27 UTC	948738	1611262	0.629399	12209194	7.57741	4.76922	0
2570000	2016-11-05 09:41:33 UTC	953826	1616175	0.628862	12272667	7.59365	4.77535	0
2580000	2016-11-07 01:26:06 UTC	958867	1621133	0.628346	12330541	7.60613	4.77928	0
2590000	2016-11-08 15:40:48 UTC	963636	1626364	0.627940	12397908	7.62308	4.78684	0
2600000	2016-11-10 08:09:13 UTC	968085	1631916	0.627660	12467479	7.63978	4.79518	0
2610000	2016-11-12 00:03:53 UTC	972586	1637414	0.627362	12534510	7.65506	4.80249	0
2620000	2016-11-13 15:18:25 UTC	977005	1642996	0.627097	12605591	7.67232	4.81129	0
2630000	2016-11-15 06:39:42 UTC	981190	1648810	0.626924	12675569	7.68771	4.81961	0
2640000	2016-11-16 22:27:12 UTC	985372	1654628	0.626753	12747960	7.70443	4.82877	0
2650000	2016-11-18 14:10:56 UTC	990462	1659538	0.626241	12815146	7.72212	4.8359	0
2660000	2016-11-20 05:08:22 UTC	996037	1663963	0.625550	12883725	7.7428	4.84351	0
2670000	2016-11-21 20:11:43 UTC	1001688	1668312	0.624836	12953409	7.76438	4.85146	0
2680000	2016-11-23 12:32:53 UTC	1007137	1672866	0.624203	13056090	7.80462	4.87167	0
2690000	2016-11-25 05:07:33 UTC	1011773	1678227	0.623876	13122110	7.81903	4.87811	0
2700000	2016-11-26 21:22:14 UTC	1015875	1684126	0.623750	13208925	7.84319	4.89219	0
2710000	2016-11-28 13:32:02 UTC	1020062	1689939	0.623593	13282209	7.85958	4.90118	0
2720000	2016-11-30 05:37:32 UTC	1024215	1695786	0.623451	13361751	7.87939	4.91241	0
2730000	2016-12-01 20:53:38 UTC	1029177	1700823	0.623012	13422473	7.89175	4.91666	0
2740000	2016-12-03 12:21:01 UTC	1034192	1705808	0.622558	13492835	7.90994	4.92439	0
2750000	2016-12-05 03:58:36 UTC	1039226	1710774	0.622100	13558933	7.92561	4.93052	0
2760000	2016-12-06 19:57:08 UTC	1043843	1716157	0.621796	13635196	7.94519	4.94029	0
2770000	2016-12-08 11:23:37 UTC	1048460	1721540	0.621495	13700775	7.95844	4.94613	0
2780000	2016-12-10 02:39:38 UTC	1052841	1727159	0.621280	13767824	7.97137	4.95245	0
2790000	2016-12-11 18:00:53 UTC	1057194	1732806	0.621077	13832958	7.98298	4.95805	0
2800000	2016-12-13 09:45:54 UTC	1061151	1738852	0.621018	13898863	7.99313	4.96387	0
2810000	2016-12-15 01:23:51 UTC	1064726	1745274	0.621094	13976087	8.00796	4.9737	0
2820000	2016-12-16 17:01:26 UTC	1068474	1751528	0.621109	14054595	8.02419	4.9839	0
2830000	2016-12-18 08:33:29 UTC	1072270	1757730	0.621106	14116256	8.03096	4.98808	0
2840000	2016-12-20 00:08:54 UTC	1076080	1763920	0.621099	14185941	8.04228	4.99505	0
2850000	2016-12-21 15:36:29 UTC	1079637	1770363	0.621180	14262929	8.0565	5.00454	0
2860000	2016-12-23 07:32:42 UTC	1083177	1776825	0.621267	14352772	8.07776	5.01845	0
2870000	2016-12-24 23:54:46 UTC	1087270	1782731	0.621160	14418053	8.08762	5.02371	0
2880000	2016-12-26 15:06:37 UTC	1091608	1788392	0.620969	14475952	8.0944	5.02637	0
2890000	2016-12-28 07:02:10 UTC	1095650	1794351	0.620882	14544180	8.10554	5.03259	0
2900000	2016-12-29 22:38:10 UTC	1099450	1800550	0.620879	14619897	8.11968	5.04134	0
2910000	2016-12-31 14:13:50 UTC	1103433	1806567	0.620813	14690301	8.13161	5.04821	0          
2920000	2017-01-02 06:01:04 UTC	1107621	1812379	0.620678	14755983	8.14178	5.05342	0          
2930000	2017-01-03 21:37:55 UTC	1111562	1818438	0.620627	14827912	8.1542	5.06072	0          
2940000	2017-01-05 12:50:33 UTC	1115078	1824923	0.620722	14909172	8.16975	5.07115	0          
2950000	2017-01-07 04:20:11 UTC	1118711	1831289	0.620776	14984573	8.18253	5.07952	0          
2960000	2017-01-08 19:44:50 UTC	1122504	1837496	0.620776	15056042	8.19378	5.0865	0          
2970000	2017-01-10 11:31:25 UTC	1126331	1843669	0.620764	15132872	8.20802	5.09524	0          
2980000	2017-01-12 03:08:44 UTC	1130178	1849822	0.620746	15207555	8.22109	5.10321	0          
2990000	2017-01-13 18:46:40 UTC	1133965	1856035	0.620747	15294493	8.24041	5.11522	0          
3000000	2017-01-15 10:10:35 UTC	1137987	1862013	0.620671	15362869	8.25068	5.12096	0          
3010000	2017-01-17 01:51:49 UTC	1141760	1868240	0.620678	15436229	8.26244	5.12832	0          
3020000	2017-01-18 17:35:55 UTC	1145417	1874583	0.620723	15513422	8.27567	5.13689	0          
3030000	2017-01-20 09:03:12 UTC	1149205	1880795	0.620724	15585415	8.28661	5.1437	0          
3040000	2017-01-22 00:49:23 UTC	1152970	1887031	0.620734	15658053	8.29772	5.15067	0          
3050000	2017-01-23 16:21:37 UTC	1156701	1893299	0.620754	15736800	8.31184	5.15961	0          
3060000	2017-01-25 08:15:09 UTC	1160454	1899546	0.620767	15817622	8.32705	5.16916	0          
3070000	2017-01-26 23:52:13 UTC	1164194	1905806	0.620784	15893540	8.33954	5.17705	0          
3080000	2017-01-28 15:48:22 UTC	1168252	1911748	0.620697	15974000	8.3557	5.18636	0          
3090000	2017-01-30 07:36:17 UTC	1172503	1917498	0.620549	16043105	8.36669	5.19194	0          
3100000	2017-01-31 23:19:17 UTC	1176684	1923317	0.620425	16116043	8.3793	5.19872	0          
3110000	2017-02-02 15:14:23 UTC	1180775	1929225	0.620330	16191492	8.39274	5.20627	0          
3120000	2017-02-04 07:04:52 UTC	1184953	1935047	0.620207	16262361	8.40412	5.2123	0          
3130000	2017-02-05 22:42:51 UTC	1188936	1941066	0.620148	16338277	8.41717	5.21989	0          
3140000	2017-02-07 14:28:09 UTC	1192998	1947002	0.620064	16420318	8.43364	5.2294	0          
3150000	2017-02-09 06:08:25 UTC	1196684	1953316	0.620100	16502459	8.44843	5.23888	0          
3160000	2017-02-10 21:50:26 UTC	1200497	1959503	0.620096	16587110	8.46496	5.24909	0          
3170000	2017-02-12 13:33:48 UTC	1204555	1965445	0.620014	16661670	8.4773	5.25605	0          
3180000	2017-02-14 05:15:11 UTC	1208154	1971846	0.620077	16752980	8.49609	5.26823	0          
3190000	2017-02-15 20:51:27 UTC	1211788	1978213	0.620129	16843648	8.51458	5.28014	0          
3200000	2017-02-17 12:30:51 UTC	1215564	1984436	0.620136	16927368	8.53006	5.2898	0          
3210000	2017-02-19 04:41:06 UTC	1219535	1990469	0.620083	17009632	8.54554	5.29894	0          
3220000	2017-02-20 20:15:39 UTC	1223802	1996198	0.619937	17090706	8.56163	5.30767	0          
3230000	2017-02-22 12:15:17 UTC	1227947	2002053	0.619831	17183927	8.58315	5.3201	0          
3240000	2017-02-24 04:17:24 UTC	1232122	2007878	0.619715	17265009	8.59863	5.32871	0          
3250000	2017-02-25 19:47:30 UTC	1236085	2013915	0.619666	17354515	8.6173	5.33985	0          
3259816	2017-02-27 10:51:45 UTC	1240000	2019816	0.619610	17439106	8.63401	5.34972	0
3260000	2017-02-27 11:34:49 UTC	1240078	2019924	0.619608	17440294	8.63413	5.34978	0          
3270000	2017-03-01 03:24:44 UTC	1243801	2026199	0.619633	17535147	8.65421	5.36243	0          
3280000	2017-03-02 19:19:57 UTC	1247319	2032683	0.619720	17645404	8.68084	5.37969	0          
3290000	2017-03-04 11:11:04 UTC	1250638	2039362	0.619867	17750699	8.70405	5.39535	0          
3300000	2017-03-06 03:00:00 UTC	1254440	2045560	0.619867	17844374	8.72347	5.40739	0          
3310000	2017-03-07 19:14:34 UTC	1258082	2051918	0.619915	17947330	8.74661	5.42215	0          
3320000	2017-03-09 11:18:09 UTC	1261877	2058123	0.619917	18046614	8.76848	5.43573	0          
3330000	2017-03-11 03:32:29 UTC	1265554	2064446	0.619954	18151340	8.79235	5.45085	0          
3340000	2017-03-12 19:44:54 UTC	1269299	2070701	0.619970	18263386	8.8199	5.46808	0          
3350000	2017-03-14 11:57:37 UTC	1272691	2077310	0.620092	18394547	8.85498	5.49091	0          
3360000	2017-03-16 03:56:53 UTC	1276054	2083947	0.620222	18532926	8.89318	5.51575	0          
3370000	2017-03-17 19:46:20 UTC	1278852	2091148	0.620519	18715833	8.95003	5.55366	0          
3380000	2017-03-19 11:59:45 UTC	1282101	2097899	0.620680	18861720	8.99077	5.58039	0          
3390000	2017-03-21 03:42:00 UTC	1285373	2104627	0.620834	18998166	9.02686	5.60418	0          
3400000	2017-03-22 19:51:41 UTC	1288805	2111195	0.620940	19135503	9.06383	5.62809	0          
3410000	2017-03-24 12:25:35 UTC	1292231	2117770	0.621047	19273777	9.10098	5.65213	0          
3420000	2017-03-26 04:48:40 UTC	1295614	2124390	0.621166	19418511	9.14075	5.67792	0          
3430000	2017-03-27 20:54:40 UTC	1298965	2131036	0.621293	19566221	9.18155	5.70444	0          
3440000	2017-03-29 13:24:12 UTC	1302197	2137804	0.621454	19710625	9.22003	5.72983	0          
3450000	2017-03-31 05:53:02 UTC	1305389	2144613	0.621627	19880951	9.27018	5.76259	0          
3460000	2017-04-01 22:02:11 UTC	1308669	2151332	0.621772	20029287	9.31018	5.78881	0          
3470000	2017-04-03 14:59:03 UTC	1311714	2158289	0.621985	20188662	9.35401	5.81805	0          
3480000	2017-04-05 07:11:16 UTC	1315000	2165001	0.622127	20338365	9.39416	5.84436	0          
3490000	2017-04-06 23:44:50 UTC	1318167	2171833	0.622302	20491464	9.4351	5.87148	0          
3500000	2017-04-08 16:00:08 UTC	1321572	2178428	0.622408	20633623	9.47179	5.89532	0          
3510000	2017-04-10 09:19:49 UTC	1324568	2185432	0.622630	20762665	9.50049	5.91529	0          
3520000	2017-04-12 02:42:54 UTC	1327423	2192578	0.622891	20891119	9.52811	5.93498	0          
3530000	2017-04-13 20:06:58 UTC	1330042	2199958	0.623218	21038461	9.56312	5.9599	0          
3540000	2017-04-15 13:22:45 UTC	1332924	2207077	0.623468	21175187	9.59422	5.98169	0          
3550000	2017-04-17 06:40:25 UTC	1336014	2213986	0.623658	21296274	9.61897	5.99895	0          
3560000	2017-04-18 23:30:11 UTC	1338938	2221062	0.623894	21427290	9.64732	6.0189	0          
3570000	2017-04-20 17:09:27 UTC	1341646	2228354	0.624189	21579733	9.68416	6.04474	0          
3580000	2017-04-22 10:15:43 UTC	1344232	2235768	0.624516	21716226	9.71309	6.06598	0          
3590000	2017-04-24 03:17:01 UTC	1346983	2243017	0.624796	21843440	9.73842	6.08452	0          
3600000	2017-04-25 20:36:59 UTC	1349467	2250533	0.625148	21997092	9.77417	6.1103	0          
3610000	2017-04-27 15:08:11 UTC	1352104	2257896	0.625456	22164739	9.81655	6.13982	0          
3620000	2017-04-29 09:20:59 UTC	1354565	2265435	0.625811	22344852	9.86338	6.17261	0          
3630000	2017-05-01 03:55:00 UTC	1357086	2272914	0.626147	22510928	9.90399	6.20136	0          
3640000	2017-05-02 22:37:12 UTC	1359169	2280833	0.626602	22711559	9.95757	6.23944	0          
3650000	2017-05-04 17:09:00 UTC	1361365	2288635	0.627023	22893387	10.0031	6.27216	0          
3660000	2017-05-06 11:32:12 UTC	1363523	2296477	0.627453	23083778	10.0518	6.30704	0          
3670000	2017-05-08 05:42:29 UTC	1365717	2304283	0.627870	23265732	10.0967	6.33944	0          
3680000	2017-05-09 23:54:18 UTC	1367706	2312294	0.628341	23468581	10.1495	6.37733	0          
3690000	2017-05-11 18:09:13 UTC	1369594	2320406	0.628836	23669137	10.2004	6.4144	0          
3700000	2017-05-13 12:46:32 UTC	1371561	2328439	0.629308	23860595	10.2475	6.44881	0          
3710000	2017-05-15 08:36:43 UTC	1373511	2336489	0.629781	24051896	10.294	6.48299	0          
3720000	2017-05-17 05:08:05 UTC	1375174	2344826	0.630330	24280552	10.3549	6.52703	0          
3730000	2017-05-19 01:20:24 UTC	1376632	2353368	0.630930	24529028	10.4229	6.57615	0          
3740000	2017-05-20 21:17:12 UTC	1378102	2361898	0.631524	24801236	10.5006	6.63135	0          
3750000	2017-05-22 17:10:36 UTC	1379650	2370350	0.632093	25089150	10.5846	6.69044	0          
3760000	2017-05-24 13:32:45 UTC	1380738	2379262	0.632782	25431485	10.6888	6.76369	0          
3770000	2017-05-26 09:48:44 UTC	1381715	2388285	0.633497	25773246	10.7915	6.8364	0          
3780000	2017-05-28 05:32:22 UTC	1382794	2397206	0.634181	26053828	10.8684	6.89255	0          
3790000	2017-05-30 00:51:22 UTC	1383838	2406162	0.634871	26336730	10.9455	6.94901	0          
3800000	2017-05-31 20:33:11 UTC	1384602	2415398	0.635631	26703896	11.0557	7.02734	0          
3810000	2017-06-02 18:35:20 UTC	1385389	2424611	0.636381	27091313	11.1735	7.11058	0          
3820000	2017-06-04 16:51:15 UTC	1386426	2433574	0.637061	27434296	11.2733	7.18175	0          
3830000	2017-06-06 15:04:29 UTC	1387679	2442321	0.637682	27803622	11.3841	7.25943	0          
3840000	2017-06-08 13:00:53 UTC	1388630	2451370	0.638378	28191582	11.5003	7.34156	0          
3850000	2017-06-10 10:53:30 UTC	1389639	2460361	0.639055	28578741	11.6157	7.42305	0          
3860000	2017-06-12 08:20:16 UTC	1390496	2469504	0.639768	29029764	11.7553	7.52066	0          
3870000	2017-06-14 05:42:44 UTC	1391152	2478848	0.640529	29573882	11.9305	7.64183	0          
3880000	2017-06-16 03:06:11 UTC	1391912	2488088	0.641260	30059101	12.0812	7.74719	0          
3890000	2017-06-18 00:19:26 UTC	1392880	2497120	0.641933	30522727	12.2232	7.84646	0          
3900000	2017-06-19 21:00:23 UTC	1393774	2506226	0.642622	31013352	12.3745	7.95214	0          
3910000	2017-06-21 21:46:24 UTC	1394491	2515509	0.643353	31559907	12.5461	8.07159	0          
3920000	2017-06-23 22:27:52 UTC	1394663	2525337	0.644219	32124778	12.721	8.1951	0          
3930000	2017-06-25 23:09:41 UTC	1394851	2535149	0.645076	32615669	12.8654	8.29915	0          
3940000	2017-06-27 23:23:19 UTC	1395002	2544998	0.645939	33186834	13.04	8.42305	0          
3950000	2017-06-29 23:29:37 UTC	1395131	2554869	0.646802	33727225	13.2012	8.53854	0          
3960000	2017-07-01 23:12:26 UTC	1395404	2564596	0.647625	34214051	13.3409	8.63991	0          
3970000	2017-07-03 22:46:52 UTC	1395607	2574393	0.648462	34761142	13.5027	8.75596	0          
3980000	2017-07-05 22:25:50 UTC	1395784	2584216	0.649301	35312765	13.6648	8.87255	0          
3990000	2017-07-07 21:41:37 UTC	1396016	2593984	0.650121	35858611	13.8238	8.98712	0          
4000000	2017-07-09 20:52:47 UTC	1396137	2603863	0.650966	36334898	13.9542	9.08372	0          
4010000	2017-07-12 01:27:02 UTC	1396204	2613796	0.651819	36962376	14.1413	9.21755	0          
4020000	2017-07-14 06:36:31 UTC	1396335	2623665	0.652653	37565016	14.3178	9.34453	0          
4030000	2017-07-16 11:21:18 UTC	1396479	2633521	0.653479	38086242	14.4621	9.45068	0          
