blockNum	date	nEmpty	nFull	pctFull	nTrans	tx/full blk	tx/all blks	nTraces
46147	2015-08-07 03:30:33 UTC	46146	1	2.16699e-05	1	1	2.16699e-05	0          
55870	2015-08-09 00:00:09 UTC	52984	2886	0.0516556	4932	1.70894	0.0882764	0          
93129	2015-08-16 00:00:00 UTC	81567	11562	0.12415	23597	2.04091	0.25338	0          
128134	2015-08-23 00:00:41 UTC	108215	19919	0.155454	44090	2.21346	0.344093	0          
162126	2015-08-30 00:03:20 UTC	133270	28856	0.177985	75844	2.62836	0.467809	0          
190657	2015-09-06 00:00:20 UTC	152121	38536	0.202122	111898	2.90373	0.586907	0          
225597	2015-09-13 00:00:07 UTC	175137	50460	0.223673	151742	3.00717	0.672624	0          
259996	2015-09-20 00:01:13 UTC	196714	63282	0.243396	191027	3.01866	0.734731	0          
295665	2015-09-27 00:00:16 UTC	217743	77922	0.263548	235926	3.02772	0.79795	0          
330003	2015-10-04 00:00:41 UTC	238494	91509	0.277297	278029	3.03827	0.842504	0          
364661	2015-10-11 00:00:21 UTC	257913	106748	0.292732	324715	3.04188	0.890457	0          
399789	2015-10-18 00:00:37 UTC	276614	123175	0.3081	370836	3.01064	0.927579	0          
434958	2015-10-25 00:00:09 UTC	295360	139598	0.320946	415228	2.97446	0.954639	0          
470668	2015-11-01 00:00:08 UTC	313388	157280	0.334163	464461	2.95308	0.986812	0          
506227	2015-11-08 00:00:29 UTC	331220	175007	0.345709	518747	2.96415	1.02473	0          
541678	2015-11-15 00:00:42 UTC	346809	194869	0.359751	581858	2.98589	1.07418	0          
576883	2015-11-22 00:00:05 UTC	365020	211863	0.367255	633027	2.98791	1.09732	0          
612084	2015-11-29 00:00:27 UTC	382907	229177	0.374421	683355	2.98178	1.11644	0          
647335	2015-12-06 00:00:03 UTC	401097	246238	0.380387	733142	2.97737	1.13255	0          
682620	2015-12-13 00:00:02 UTC	418070	264550	0.387551	786838	2.97425	1.15267	0          
718069	2015-12-20 00:00:12 UTC	430921	287148	0.399889	869175	3.02692	1.21043	0          
753335	2015-12-27 00:00:23 UTC	443907	309428	0.410744	968627	3.13038	1.28579	0          
788463	2016-01-03 00:00:06 UTC	457490	330973	0.41977	1063682	3.2138	1.34906	0          
824165	2016-01-10 00:00:05 UTC	470408	353757	0.429231	1160705	3.28108	1.40834	0          
859517	2016-01-17 00:00:12 UTC	484679	374838	0.436103	1241639	3.31247	1.44458	0          
894533	2016-01-24 00:01:18 UTC	498899	395634	0.44228	1323940	3.34638	1.48003	0          
929774	2016-01-31 00:00:06 UTC	509697	420077	0.451805	1436937	3.42065	1.54547	0          
964910	2016-02-07 00:00:15 UTC	521216	443694	0.459829	1554906	3.50446	1.61145	0          
1000229	2016-02-14 00:00:39 UTC	531104	469125	0.469018	1675425	3.57138	1.67504	0          
1035159	2016-02-21 00:00:00 UTC	540279	494880	0.478071	1798839	3.6349	1.73774	0          
1070490	2016-02-28 00:00:16 UTC	548013	522477	0.488073	1931725	3.69724	1.80452	0          
1105623	2016-03-06 00:00:11 UTC	554957	550666	0.498059	2092720	3.80034	1.8928	0          
1140846	2016-03-13 00:00:52 UTC	562412	578434	0.507022	2268158	3.9212	1.98814	0          
1181270	2016-03-20 00:00:00 UTC	571541	609729	0.516164	2481794	4.07032	2.10095	0          
1223598	2016-03-27 00:00:35 UTC	581307	642291	0.52492	2721789	4.23763	2.22441	0          
1265738	2016-04-03 00:01:18 UTC	591269	674469	0.532866	2950992	4.37528	2.33144	0          
1307884	2016-04-10 00:00:19 UTC	602241	705643	0.53953	3184571	4.51301	2.4349	0          
1350015	2016-04-17 00:00:21 UTC	613028	736987	0.54591	3418082	4.63791	2.53188	0          
1392176	2016-04-24 00:00:02 UTC	623382	768794	0.552225	3658062	4.75818	2.62759	0          
1434393	2016-05-01 00:00:18 UTC	632432	801961	0.559094	3911430	4.87733	2.72689	0          
1476496	2016-05-08 00:00:06 UTC	639927	836569	0.566591	4183895	5.00126	2.83366	0          
1518638	2016-05-15 00:00:05 UTC	646569	872069	0.574244	4482492	5.14007	2.95165	0          
1560777	2016-05-22 00:00:21 UTC	653149	907628	0.581523	4782669	5.26942	3.06429	0          
1602996	2016-05-29 00:01:00 UTC	659111	943885	0.588826	5125071	5.42976	3.19718	0          
1645096	2016-06-05 00:00:47 UTC	666395	978701	0.59492	5417842	5.53575	3.29333	0          
1687356	2016-06-12 00:00:03 UTC	673989	1013367	0.600565	5698341	5.62318	3.37708	0          
1729302	2016-06-19 00:00:39 UTC	682468	1046834	0.605351	6053534	5.78271	3.50056	0          
1771652	2016-06-26 00:00:24 UTC	696921	1074731	0.606626	6371572	5.92853	3.5964	0          
1813929	2016-07-03 00:00:37 UTC	703832	1110097	0.611985	6689105	6.02569	3.68763	0          
1856236	2016-07-10 00:00:10 UTC	711537	1144699	0.616678	6969317	6.08834	3.75454	0          
1898473	2016-07-17 00:00:13 UTC	720630	1177843	0.620416	7245825	6.15177	3.81666	0          
1940731	2016-07-24 00:00:04 UTC	730634	1210097	0.623526	7552054	6.24087	3.89135	0          
1982723	2016-07-31 00:00:00 UTC	738577	1244146	0.627494	7917908	6.36413	3.99345	0          
2024826	2016-08-07 00:00:24 UTC	748393	1276433	0.630391	8242628	6.45755	4.07078	0          
2067260	2016-08-14 00:00:04 UTC	759949	1307311	0.632388	8555549	6.54439	4.13859	0          
2109616	2016-08-21 00:00:15 UTC	773088	1336528	0.633541	8864317	6.63235	4.20186	0          
2152022	2016-08-28 00:00:08 UTC	786758	1365264	0.63441	9191454	6.73236	4.27108	0          
2194196	2016-09-04 00:00:00 UTC	799249	1394947	0.635744	9520088	6.8247	4.33876	0          
2236496	2016-09-11 00:00:26 UTC	811916	1424580	0.63697	9861462	6.92236	4.40934	0          
2278886	2016-09-18 00:00:08 UTC	822846	1456040	0.638926	10203406	7.00764	4.47737	0          
2320970	2016-09-25 00:00:06 UTC	837537	1483433	0.639144	10511747	7.08609	4.52903	0          
2363154	2016-10-02 00:00:04 UTC	856431	1506723	0.63759	10812882	7.17642	4.57561	0          
2405360	2016-10-09 00:00:32 UTC	877601	1527759	0.635148	11128264	7.28404	4.62644	0          
2447629	2016-10-16 00:00:11 UTC	899714	1547915	0.632414	11396128	7.36224	4.65599	0          
2489972	2016-10-23 00:00:23 UTC	916988	1572984	0.631728	11698619	7.43721	4.69829	0          
2531783	2016-10-30 00:00:02 UTC	935140	1596643	0.63064	12005182	7.51901	4.74179	0          
2573575	2016-11-06 00:00:00 UTC	955663	1617912	0.628663	12294800	7.59918	4.77732	0          
2616072	2016-11-13 00:00:16 UTC	975262	1640810	0.627204	12575347	7.66411	4.80696	0          
2658699	2016-11-20 00:00:27 UTC	995325	1663374	0.625635	12873709	7.73952	4.84211	0          
2700674	2016-11-27 00:00:47 UTC	1016150	1684524	0.623742	13212215	7.84329	4.89219	0          
2743001	2016-12-04 00:00:16 UTC	1035727	1707274	0.622411	13511354	7.91399	4.92576	0          
2785400	2016-12-11 00:00:02 UTC	1055145	1730255	0.621187	13804170	7.97811	4.9559	0          
2827839	2016-12-18 00:00:00 UTC	1071375	1756464	0.621133	14103523	8.0295	4.98739	0          
2870022	2016-12-25 00:00:02 UTC	1087279	1782743	0.62116	14418128	8.08761	5.0237	0          
2912409	2017-01-01 00:00:31 UTC	1104423	1807986	0.620787	14707371	8.13467	5.0499	0          
2954960	2017-01-08 00:00:21 UTC	1120544	1834416	0.620792	15019338	8.18753	5.08276	0          
2997422	2017-01-15 00:00:19 UTC	1136956	1860466	0.620689	15345154	8.24802	5.11945	0          
3039793	2017-01-22 00:00:07 UTC	1152882	1886911	0.620737	15656605	8.29748	5.15055	0          
3082082	2017-01-29 00:00:04 UTC	1169145	1912937	0.620664	15985506	8.35653	5.18659	0          
3124278	2017-02-05 00:00:26 UTC	1186636	1937642	0.620189	16293467	8.40892	5.21511	0          
3166577	2017-02-12 00:00:17 UTC	1203123	1963454	0.620056	16636934	8.4733	5.25392	0          
3208881	2017-02-19 00:00:06 UTC	1219031	1989850	0.620107	17000330	8.54352	5.2979	0          
3251004	2017-02-26 00:00:01 UTC	1236491	2014513	0.619659	17362437	8.61868	5.34064	0          
3293198	2017-03-05 00:00:10 UTC	1251810	2041388	0.61988	17780742	8.71012	5.39923	0          
3335125	2017-03-12 00:00:09 UTC	1267483	2067642	0.619959	18206912	8.80564	5.45914	0          
3377058	2017-03-19 00:00:44 UTC	1281099	2095959	0.620646	18820186	8.97927	5.57295	0          
3418828	2017-03-26 00:00:02 UTC	1295210	2123618	0.621154	19402761	9.13665	5.67527	0          
3460457	2017-04-02 00:00:45 UTC	1308839	2151618	0.621773	20034153	9.3112	5.78945	0          
3501960	2017-04-09 00:00:01 UTC	1322253	2179707	0.622425	20657166	9.47704	5.89874	0          
3542571	2017-04-16 00:00:43 UTC	1333704	2208867	0.623521	21203579	9.5993	5.98536	0          
3583359	2017-04-23 00:00:05 UTC	1345167	2238192	0.624607	21756011	9.72035	6.0714	0          
3623443	2017-04-30 00:00:05 UTC	1355458	2267985	0.62592	22398398	9.8759	6.18152	0          
3662985	2017-05-07 00:00:05 UTC	1364230	2298755	0.627563	23131806	10.0628	6.31502	0          
3702644	2017-05-14 00:00:04 UTC	1372120	2330524	0.629422	23904310	10.2571	6.45601	0          
3740604	2017-05-21 00:00:05 UTC	1378223	2362381	0.631551	24814914	10.5042	6.63393	0          
3778751	2017-05-28 00:00:03 UTC	1382666	2396085	0.634094	26017502	10.8583	6.88521	0          
3816345	2017-06-04 00:00:07 UTC	1385981	2430364	0.63683	27308756	11.2365	7.15574	0          
3852956	2017-06-11 00:00:07 UTC	1389937	2463019	0.639254	28703824	11.6539	7.44982	0          
3889924	2017-06-18 00:00:09 UTC	1392876	2497048	0.641927	30519429	12.2222	7.84576	0          
3925243	2017-06-25 00:00:17 UTC	1394768	2530475	0.644667	32392260	12.8009	8.25229	0          
3960168	2017-07-02 00:00:38 UTC	1395408	2564760	0.647639	34224582	13.3442	8.6422	0          
3995534	2017-07-09 00:00:03 UTC	1396101	2599433	0.650585	36130650	13.8994	9.04276	0          
4027868	2017-07-16 00:00:24 UTC	1396451	2631417	0.653303	37976081	14.4318	9.42833	0          
4059914	2017-07-23 00:00:14 UTC	1396801	2663113	0.655953	39703056	14.9085	9.77928	0          
4092456	2017-07-30 00:00:06 UTC	1397182	2695274	0.658596	41363006	15.3465	10.1071	0          
4121876	2017-08-06 00:00:33 UTC	1397486	2724390	0.660959	43024386	15.7923	10.4381	0          
4150455	2017-08-13 00:00:00 UTC	1397607	2752848	0.663264	45203304	16.4206	10.8912	0          
4179506	2017-08-20 00:00:08 UTC	1397697	2781809	0.665583	48022277	17.263	11.4899	0          
4207533	2017-08-27 00:00:27 UTC	1397881	2809652	0.667767	50475695	17.9651	11.9965	0          
4232100	2017-09-03 00:00:45 UTC	1397928	2834172	0.669685	53065764	18.7236	12.5389	0          
4256935	2017-09-10 00:00:24 UTC	1397971	2858964	0.671602	56047582	19.6042	13.1662	0          
4282023	2017-09-17 00:00:05 UTC	1398014	2884009	0.673516	58704459	20.3552	13.7095	0          
4305968	2017-09-24 00:00:17 UTC	1398084	2907884	0.675315	60868104	20.9321	14.1358	0          
4326061	2017-10-01 00:00:25 UTC	1398119	2927942	0.676815	63022392	21.5245	14.5681	0
4346155	2017-10-08 00:00:06 UTC	1398175	2947980	0.678296	65173528	22.1079	14.9957	0
4366423	2017-10-15 00:00:47 UTC	1398230	2968193	0.679777	67567039	22.7637	15.4742	0
4404880	2017-10-22 00:00:02 UTC	1398592	3006288	0.682490	70784094	23.5453	16.0695	0
4448464	2017-10-29 00:00:24 UTC	1399048	3049416	0.685499	74078073	24.2925	16.6525	0
4491695	2017-11-05 00:00:05 UTC	1399507	3092188	0.688423	77566105	25.0845	17.2688	0
4535402	2017-11-12 00:00:03 UTC	1400075	3135327	0.691301	80764865	25.7596	17.8077	0
4578835	2017-11-19 00:00:12 UTC	1400615	3178220	0.694111	84118940	26.4673	18.3713	0
