blockNum|nBlocks|blksWithTxs|blksWithoutTxs|blksWithBlooms|blksWithoutBlooms|bitsInBloomsBlk|bytesInBloomsBlk|nTrans|transWithBlooms|transWithoutBlooms|bitsInBloomsTrans|bytesInBloomsTrans
50000|1455|1455|0|0|1455|0|0|1871|0|1871|0|0
60000|2092|2092|0|12|2080|96|2832|4053|12|4041|96|2832
70000|2322|2322|0|44|2278|426|11144|6676|46|6630|444|11656
80000|2296|2296|0|144|2152|1303|33864|4187|146|4041|1315|34312
90000|2770|2770|0|197|2573|1967|47040|5894|200|5694|1985|47768
100000|2219|2219|0|94|2125|1027|23240|4289|102|4187|1093|25232
110000|2562|2562|0|70|2492|618|16144|4408|70|4338|618|16144
120000|2249|2249|0|29|2220|227|6592|6873|34|6839|257|7688
130000|2388|2388|0|24|2364|228|5904|7785|24|7761|228|5904
140000|2246|2246|0|51|2195|776|13608|8445|54|8391|800|14416
150000|2766|2766|0|78|2688|797|20328|8855|85|8770|851|22160
160000|2894|2894|0|12|2882|81|3160|10461|12|10449|81|3160
170000|3099|3099|0|25|3074|189|5720|10701|25|10676|189|5720
180000|3722|3722|0|56|3666|384|13776|14253|57|14196|384|14048
190000|3226|3226|0|34|3192|234|8720|12034|45|11989|294|11464
200000|3251|3251|0|63|3188|495|16384|11008|68|10940|528|17712
210000|3478|3478|0|43|3435|398|11168|11236|44|11192|410|11424
220000|3510|3510|0|41|3469|310|10040|11671|43|11628|313|10528
230000|3336|3336|0|27|3309|189|6384|11698|28|11670|195|6560
240000|3572|3572|0|92|3480|642|22472|12247|96|12151|652|23416
250000|4001|4001|0|41|3960|273|9432|11367|41|11326|273|9432
260000|3829|3829|0|109|3720|852|26976|11023|112|10911|861|27776
270000|4018|4018|0|51|3967|330|12648|12310|52|12258|336|12920
280000|4458|4458|0|67|4391|564|16608|13161|76|13085|630|18664
290000|3981|3981|0|42|3939|390|10656|12048|44|12004|408|11168
300000|3806|3806|0|49|3757|361|11464|12830|53|12777|385|12384
310000|3882|3882|0|111|3771|983|27720|12367|116|12251|1019|29024
320000|3974|3974|0|63|3911|549|15720|12306|64|12242|555|15896
330000|4105|4105|0|63|4042|687|15832|11952|67|11885|726|16816
340000|4238|4238|0|86|4152|855|20888|13004|103|12901|996|24928
350000|4479|4479|0|99|4380|896|22456|13856|104|13752|926|23512
360000|4474|4474|0|44|4430|381|10592|13567|46|13521|387|11040
370000|4259|4259|0|21|4238|183|4704|12519|22|12497|186|4928
380000|4703|4703|0|97|4606|876|23272|13195|98|13097|882|23448
390000|4791|4791|0|107|4684|792|23728|13508|109|13399|792|24144
400000|4823|4823|0|48|4775|336|11272|13448|52|13396|372|12328
410000|4752|4752|0|94|4658|672|20616|13096|98|12998|696|21512
420000|4432|4432|0|52|4380|420|12448|12087|53|12034|426|12704
430000|4722|4722|0|596|4126|4299|140952|12707|691|12016|4827|163808
440000|4581|4581|0|643|3938|4680|148888|12008|747|11261|5211|171504
450000|4598|4598|0|307|4291|2225|74792|12512|346|12166|2435|83536
460000|5369|5369|0|989|4380|6875|249784|14992|1354|13638|8472|340736
470000|5130|5130|0|244|4886|1803|56600|14113|263|13850|1899|60752
480000|4769|4769|0|301|4468|1910|74704|13662|346|13316|2159|85944
490000|4703|4703|0|197|4506|1719|49624|13887|216|13671|1836|54448
500000|4952|4952|0|453|4499|3216|116400|14539|640|13899|4191|164752
510000|5978|5978|0|1753|4225|12215|459392|23032|7151|15881|43152|1883224
520000|5230|5230|0|593|4637|4133|151664|16486|1451|15035|9192|377304
530000|6227|6227|0|1695|4532|11245|385184|19376|2005|17371|12714|454688
540000|5306|5306|0|397|4909|2580|94080|15417|455|14962|2862|107232
550000|4791|4791|0|153|4638|1173|38200|14180|157|14023|1179|39224
560000|4619|4619|0|135|4484|1089|33408|14414|139|14275|1104|34288
570000|5203|5203|0|553|4650|3651|141272|15934|1018|14916|6408|260264
580000|4925|4925|0|47|4878|358|11472|13887|47|13840|358|11472
590000|5212|5212|0|81|5131|654|19648|15021|88|14933|693|21424
600000|4806|4806|0|152|4654|1009|36920|14452|160|14292|1033|38864
610000|4670|4670|0|222|4448|1461|55104|13653|252|13401|1617|62384
620000|4857|4857|0|566|4291|4712|133704|15296|2148|13148|18801|501064
630000|4803|4803|0|242|4561|1791|57576|13716|366|13350|2868|86440
640000|4810|4810|0|284|4526|2328|67480|13468|311|13157|2508|73360
650000|5015|5015|0|230|4785|1687|56440|16242|251|15991|1765|61664
660000|4968|4968|0|169|4799|1114|41496|13732|173|13559|1123|42416
670000|4880|4880|0|231|4649|1566|57952|13733|238|13495|1602|59608
680000|5568|5568|0|981|4587|7360|252632|15881|1074|14807|7819|276808
690000|5780|5780|0|2462|3318|22237|556184|17580|4061|13519|29780|893072
700000|7385|7385|0|5742|1643|64932|1353960|34982|20385|14597|225760|4812080
710000|5998|5998|0|3038|2960|26256|732928|19004|4993|14011|36603|1201104
720000|5899|5899|0|2869|3030|25425|692400|18492|4156|14336|31957|999712
730000|6090|6090|0|3122|2968|36675|755488|22488|7788|14700|69209|1854192
740000|6694|6694|0|3879|2815|97175|971152|42593|28070|14523|372013|6785488
750000|6194|6194|0|3151|3043|58595|761176|22086|7254|14832|88778|1668672
760000|6276|6276|0|3384|2892|99167|844704|32884|17610|15274|322307|4269520
770000|6561|6561|0|3387|3174|81430|845208|25378|8082|17296|144821|1974448
780000|6163|6163|0|2951|3212|93861|739624|29923|13738|16185|276281|3340368
790000|5544|5544|0|1854|3690|36619|457488|17357|2453|14904|42010|599928
800000|5709|5709|0|2154|3555|45957|533128|18507|3022|15485|54662|740080
810000|7177|7177|0|4726|2451|124638|1167760|41707|25391|16316|452921|6148904
820000|6311|6311|0|2751|3560|55990|683184|24504|5552|18952|79165|1316288
830000|6257|6257|0|2922|3335|60315|731264|22053|4367|17686|70382|1077760
840000|6035|6035|0|2450|3585|52966|607888|21657|3685|17972|64521|902360
850000|6189|6189|0|2945|3244|66376|728656|28049|9117|18932|153914|2210960
860000|5626|5626|0|1739|3887|35365|428208|20220|2817|17403|46197|682552
870000|5878|5878|0|2018|3860|37298|475856|22689|4815|17874|62923|1080496
880000|5992|5992|0|2495|3497|53605|597496|24175|5894|18281|97493|1367024
890000|6036|6036|0|1645|4391|39291|405384|24999|5092|19907|95524|1223176
900000|6197|6197|0|1625|4572|30073|388456|23435|2651|20784|38719|609656
910000|6965|6965|0|2836|4129|61143|691856|33704|8290|25414|129918|1971168
920000|7132|7132|0|3725|3407|102205|932688|35293|11978|23315|234475|2852216
930000|6982|6982|0|3052|3930|76468|761496|31010|6026|24984|125413|1477488
940000|6758|6758|0|2139|4619|47891|526392|28695|3321|25374|67024|802072
950000|6560|6560|0|2015|4545|44381|502240|28044|3190|24854|61877|780408
960000|6703|6703|0|1825|4878|41753|448680|29620|2988|26632|60785|722408
970000|6857|6857|0|2084|4773|95994|517832|45422|20074|25348|471500|5245544
980000|6791|6791|0|1749|5042|36613|423224|29903|2741|27162|52171|652400
990000|7448|7448|0|1661|5787|32275|400024|38337|2664|35673|47872|631320
1000000|7607|7607|0|1754|5853|37569|424280|36844|3506|33338|69729|836472
1010000|7311|7250|61|1528|5722|32731|370552|34403|2889|31514|56821|689656
1020000|7487|7487|0|1741|5746|39908|425304|37898|5489|32409|113527|1376008
1030000|7398|7398|0|1723|5675|30537|414192|35152|3021|32131|52076|715416
1040000|7575|7575|0|1501|6074|26450|360048|33636|2496|31140|42505|592168
1050000|7667|7667|0|1588|6079|26450|380400|35264|2579|32685|43116|610912
1060000|7954|7954|0|1767|6187|29139|429400|38721|2870|35851|46218|686496
1070000|7800|7800|0|1692|6108|33380|410392|40742|4354|36388|82790|1088272
1080000|7879|7879|0|1705|6174|28899|406736|39922|2435|37487|38522|574376
1090000|8022|8022|0|1759|6263|34128|430464|44639|2686|41953|45080|651320
1100000|8063|8063|0|1663|6400|29170|410312|47831|2568|45263|42607|622576
1110000|8196|8196|0|1772|6424|32990|440680|53789|4421|49368|78437|1120664
1120000|8022|8022|0|1601|6421|28469|398504|49105|2162|46943|31312|530336
1130000|7791|7791|0|1394|6397|24008|346568|45986|1824|44162|27167|447080
1140000|7740|7740|0|1928|5812|37933|478744|51621|2848|48773|46156|693640
1150000|7800|7800|0|2375|5425|49288|589776|54122|3568|50554|62729|870672
1160000|7549|7549|0|1789|5760|36108|446080|47286|2721|44565|47540|666176
1170000|7797|7797|0|2465|5332|61518|612992|54914|5868|49046|120008|1469056
1180000|7723|7723|0|3450|4273|65565|810536|55245|7624|47621|108736|1724408
1190000|7543|7543|0|3061|4482|59134|722264|53571|7025|46546|106957|1607872
1200000|7521|7521|0|3154|4367|67103|793664|55077|7736|47341|130906|1948384
1210000|7701|7701|0|3714|3987|82995|935584|56753|10877|45876|181896|2722496
1220000|8159|8159|0|5087|3072|81535|1180632|58183|14647|43536|169898|3264768
1230000|7411|7411|0|2500|4911|63099|640232|55815|9879|45936|178297|2549280
1240000|7696|7696|0|2503|5193|54885|658624|56296|5292|51004|96462|1379584
1250000|7821|7821|0|2998|4823|69435|793696|57792|6218|51574|108132|1631480
1260000|7720|7720|0|2614|5106|57900|688856|53942|5819|48123|106292|1521144
1270000|7326|7326|0|1801|5525|32681|471928|48196|2569|45627|37151|664992
1280000|7593|7593|0|2451|5142|60899|645808|58345|8086|50259|124870|2104896
1290000|7414|7414|0|2120|5294|57412|558520|58815|9086|49729|167297|2387872
1300000|7437|7437|0|2691|4746|67069|710384|54636|8031|46605|160066|2113296
1310000|7170|7170|0|1765|5405|34536|463776|53426|3443|49983|54038|895576
1320000|7532|7532|0|1999|5533|36338|522928|52159|2956|49203|41885|762264
1330000|7405|7405|0|2132|5273|48176|560448|54772|5586|49186|105003|1467568
1340000|7537|7537|0|1942|5595|38774|510088|61410|4259|57151|70465|1110240
1350000|7328|7328|0|1770|5558|40903|464208|54139|6160|47979|106536|1613992
1360000|7577|7577|0|1776|5801|32255|462712|64224|3782|60442|57473|981584
1370000|7590|7590|0|1871|5719|37515|491152|54829|4318|50511|70798|1126160
1380000|7662|7662|0|2065|5597|52298|540736|57459|7585|49874|92339|1962544
1390000|7400|7400|0|1825|5575|29447|477168|53767|2957|50810|36226|765224
1400000|7426|7426|0|1815|5611|36279|474272|52604|4523|48081|76395|1184424
1410000|7750|7750|0|2068|5682|45961|541112|58634|6070|52564|102311|1584864
1420000|7806|7806|0|2031|5775|38718|529456|54685|4182|50503|64876|1090176
1430000|8062|8062|0|2685|5377|50408|696800|63972|5134|58838|69780|1318216
1440000|8387|8387|0|4002|4385|66836|1066616|71598|9231|62367|108394|2441096
1450000|8219|8219|0|3267|4952|49791|862200|66833|5769|61064|60851|1503488
1460000|8147|8147|0|3385|4762|57284|891880|63431|6536|56895|83129|1707104
1470000|8257|8257|0|3547|4710|67896|937288|65573|9166|56407|140951|2426696
1480000|8156|8156|0|3326|4830|54670|880376|61890|6461|55429|77947|1693688
1490000|8117|8117|0|3733|4384|60435|990896|63809|7817|55992|90384|2061176
1500000|8370|8370|0|4198|4172|66993|1115784|69976|8077|61899|84601|2117928
1510000|8627|8627|0|4850|3777|81336|1298200|70606|12204|58402|138055|3188592
1520000|8651|8651|0|5453|3198|97983|1470432|78912|14665|64247|159468|3923936
1530000|8260|8260|0|3909|4351|73495|1041736|67525|11544|55981|162554|3019488
1540000|8523|8523|0|3950|4573|64745|1050944|70997|8133|62864|96149|2148760
1550000|8473|8473|0|3677|4796|57742|967072|75159|7858|67301|82558|1971952
1560000|8544|8544|0|3554|4990|59447|926952|74706|9793|64913|105085|2374320
1570000|8340|8340|0|3159|5181|45521|828080|64322|5965|58357|63275|1546592
1580000|8586|8586|0|3345|5241|49737|874912|72398|5754|66644|59402|1482960
1590000|8501|8501|0|3723|4778|65960|964320|84225|9509|74716|119581|2452624
1600000|8817|8817|0|5276|3541|118036|1407432|92051|19601|72450|226604|5228064
1610000|8571|8571|0|5248|3323|130350|1403112|86004|20228|65776|242408|5230344
1620000|8511|8511|0|3971|4540|75438|1046304|72794|7897|64897|100271|2056032
1630000|8231|8231|0|3485|4746|61986|910176|68097|6735|61362|79941|1750448
1640000|8182|8182|0|2991|5191|53414|778408|67911|6287|61624|81445|1608320
1650000|7963|7963|0|2903|5060|50817|753328|62736|5580|57156|66546|1440264
1660000|8211|8211|0|2981|5230|52020|774912|64433|5801|58632|69177|1502120
1670000|8162|8162|0|3306|4856|58880|858768|71299|10927|60372|112094|2517064
1680000|8278|8278|0|3515|4763|68611|915168|67660|7522|60138|91709|1936744
1690000|8212|8212|0|3387|4825|62842|879160|64076|7316|56760|86419|1885368
1700000|8497|8497|0|3878|4619|76044|1009368|74744|10001|64743|121107|2560144
1710000|8617|8617|0|3773|4844|78544|983824|75359|9532|65827|127237|2466144
1720000|8753|8753|0|4616|4137|110568|1208368|79989|11612|68377|147521|2991200
1730000|5887|5887|0|4578|1309|170326|1216904|115691|23641|92050|277726|5942432
1740000|6384|6384|0|4061|2323|100279|1065336|72725|11020|61705|133463|2817192
1750000|6649|6649|0|4377|2272|116293|1142440|83127|15800|67327|198694|4050720
1760000|6431|6431|0|3292|3139|75667|856776|74779|9578|65201|126447|2461104
1770000|6647|6647|0|3093|3554|62829|794488|68250|7770|60480|89855|1972968
1780000|8085|8085|0|2828|5257|52361|725976|65994|6827|59167|78809|1754792
1790000|8392|8392|0|3411|4981|63859|879408|70769|7612|63157|88987|1948088
1800000|8789|8789|0|5204|3585|79555|1286344|100653|38503|62150|360116|9066520
1810000|8176|8176|0|2833|5343|48905|720280|64963|6585|58378|74652|1676184
1820000|8280|8280|0|3014|5266|53833|762704|65629|6339|59290|78652|1593792
1830000|8341|8341|0|2832|5509|51342|726608|65360|6741|58619|78909|1732816
1840000|8007|8007|0|2617|5390|46705|670960|64228|6303|57925|72275|1617272
1850000|8113|8113|0|2890|5223|49337|743624|69184|7685|61499|76434|1966344
1860000|8101|8101|0|3256|4845|61262|837440|69001|7990|61011|90838|2040696
1870000|8080|8080|0|2381|5699|40409|610496|60727|5730|54997|64401|1477664
1880000|7979|7979|0|2469|5510|39956|633416|63094|5186|57908|55919|1283000
1890000|7597|7597|0|2984|4613|64143|773552|73123|8402|64721|112544|2152864
1900000|7630|7630|0|2492|5138|49124|645472|60570|7241|53329|83786|1881160
1910000|7582|7582|0|2297|5285|40631|595640|57515|6172|51343|67464|1594536
1920000|7332|7332|0|2911|4421|58612|755448|76082|8628|67454|96898|2215304
1930000|7969|7969|0|5039|2930|115286|1348216|78362|15319|63043|178177|4024352
1940000|7697|7697|0|4252|3445|85077|1117120|81781|13770|68011|135130|3487976
1950000|8236|8236|0|4430|3806|78558|1159128|91763|21621|70142|188172|5417664
1960000|8397|8397|0|4589|3808|82810|1200672|97381|21811|75570|179439|5441960
1970000|8130|8130|0|4265|3865|77362|1114576|86435|17260|69175|146459|4294408
1980000|7745|7745|0|4285|3460|78669|1113560|71386|19176|52210|167583|4786960
1990000|7758|7758|0|4112|3646|71471|1064296|80278|17415|62863|147617|4326912
2000000|8042|8042|0|4627|3415|85221|1197704|81385|19574|61811|168335|4828976
2010000|7550|7550|0|4027|3523|76578|1039000|80796|17286|63510|159818|4286352
2020000|7518|7518|0|3649|3869|63945|934912|69774|15451|54323|133814|3804688
2030000|7215|7215|0|3772|3443|65114|975632|73365|16535|56830|140058|4110176
2040000|7246|7246|0|4135|3111|79907|1076400|66536|16875|49661|154771|4209392
2050000|7453|7453|0|4248|3205|82169|1098712|80664|19006|61658|170511|4688360
2060000|7402|7402|0|4254|3148|81118|1101752|79148|19378|59770|172835|4826232
2070000|6899|6899|0|3584|3315|62457|926408|64391|16058|48333|144821|4002400
2080000|7062|7062|0|3652|3410|59120|944888|71182|15264|55918|126303|3785840
2090000|7197|7197|0|4485|2712|98777|1163536|80679|22256|58423|210654|5561208
2100000|6839|6839|0|4305|2534|82975|1114352|73619|19558|54061|170589|4860200
2110000|6480|6480|0|3746|2734|62700|954096|68140|14951|53189|123694|3678064
2120000|6662|6662|0|3977|2685|75884|1027440|69856|17972|51884|159933|4469680
2130000|7037|7037|0|4420|2617|93981|1151560|79551|19708|59843|185278|4920176
2140000|6823|6823|0|4490|2333|106940|1159336|81557|22698|58859|216119|5581584
2150000|6770|6770|0|4564|2206|112244|1179984|84280|24740|59540|241336|6118056
2160000|6398|6398|0|3757|2641|67965|967480|65329|17171|48158|147695|4267520
2170000|6846|6846|0|4314|2532|94993|1120672|79979|21081|58898|195370|5220824
2180000|7061|7061|0|4184|2877|78553|1073528|80858|19301|61557|165055|4779784
2190000|7602|7602|0|4602|3000|84695|1187408|81344|25023|56321|221531|6238808
2200000|7120|7120|0|3813|3307|64802|984928|77620|20171|57449|169639|5008584
2210000|6846|6846|0|3831|3015|83143|993464|81283|21042|60241|192866|5227600
2220000|6851|6851|0|4228|2623|99941|1092568|71389|22413|48976|219852|5550760
2230000|7406|7406|0|4974|2432|133517|1288776|97562|30693|66869|305894|7540584
2240000|6934|6934|0|3447|3487|60508|887512|72633|16083|56550|139362|3997904
2250000|6930|6930|0|3576|3354|66908|920480|70941|17012|53929|152792|4222440
2260000|7630|7630|0|4649|2981|111013|1206288|83657|23480|60177|228326|5786144
2270000|7605|7605|0|5169|2436|142015|1345152|91742|30341|61401|311346|7509360
2280000|7585|7585|0|4266|3319|91280|1105016|76027|20668|55359|200046|5130608
2290000|6938|6938|0|3191|3747|50978|816512|62192|14409|47783|120487|3573320
2300000|8522|8522|0|4344|4178|75881|1121152|85622|20088|65534|174064|4985136
2310000|6726|6726|0|4166|2560|118337|1089672|81940|27826|54114|286166|6918584
2320000|3915|3915|0|2193|1722|45318|567544|64270|13912|50358|113469|3431664
2330000|5348|5348|0|2667|2681|50401|687448|60876|14953|45923|128938|3710872
2340000|5463|5463|0|3433|2030|89408|890720|81746|24596|57150|230878|6079336
2350000|5659|5659|0|3405|2254|64101|866904|67661|16901|50760|144231|4121368
2360000|5473|5473|0|3240|2233|73040|840576|71855|19078|52777|176037|4729096
2370000|5307|5307|0|3364|1943|74072|883864|82898|18926|63972|169088|4694184
2380000|5538|5538|0|3564|1974|96900|929528|88522|21177|67345|214654|5257784
2390000|4555|4555|0|3476|1079|118320|909352|67078|25125|41953|272170|6225616
2400000|4597|4597|0|3332|1265|89660|871520|70694|22358|48336|210571|5502864
2410000|5410|5410|0|3236|2174|60044|833064|65760|14918|50842|129768|3694520
2420000|5706|5706|0|3702|2004|75646|960896|71968|18085|53883|164624|4497080
2430000|3789|3789|0|2262|1527|43812|583248|56545|11476|45069|98930|2825152
2440000|4132|4132|0|1688|2444|32547|428976|62059|9799|52260|88315|2441216
2450000|5267|5267|0|2068|3199|27990|514536|56686|10387|46299|81190|2518992
2460000|6381|6381|0|2860|3521|42786|725840|61710|13935|47775|111163|3450560
2470000|6322|6322|0|3502|2820|92639|907824|81022|21340|59682|214025|5367816
2480000|5571|5571|0|2709|2862|51622|703712|74932|16097|58835|136091|4152688
2490000|5543|5543|0|3098|2445|61541|809480|71390|19319|52071|167499|4990856
2500000|5368|5368|0|2832|2536|93028|744648|77160|29749|47411|305378|7591408
2510000|5907|5907|0|3399|2508|99333|893272|72755|25792|46963|263831|6626160
2520000|5774|5774|0|3310|2464|89805|866456|74046|24825|49221|244044|6327072
2530000|5634|5634|0|3162|2472|77700|823520|70027|21801|48226|202670|5501856
2540000|5175|5175|0|2869|2306|69955|746136|68429|20707|47722|203293|5187592
2550000|5436|5436|0|2941|2495|81663|770648|78657|24332|54325|241877|6080528
2560000|4973|4973|0|2629|2344|62974|687008|69378|18111|51267|174605|4603864
2570000|4913|4913|0|2672|2241|57607|687656|63473|17077|46396|154810|4234376
2580000|4958|4958|0|2634|2324|51440|686656|57874|14038|43836|127903|3568816
2590000|5231|5231|0|2760|2471|59422|721392|67367|18132|49235|166496|4622944
2600000|5552|5552|0|2801|2751|63154|734728|69571|18866|50705|173850|4809984
2610000|5498|5498|0|3019|2479|66930|786320|67031|18143|48888|176297|4576800
2620000|5582|5582|0|3129|2453|71081|814832|71081|19220|51861|185353|4888024
2630000|5814|5814|0|3423|2391|83922|893584|69978|23588|46390|220356|6010744
2640000|5818|5818|0|3618|2200|88926|948336|72391|22969|49422|224502|5796848
2650000|4910|4910|0|2851|2059|72795|746080|67186|21403|45783|209307|5420552
2660000|4425|4425|0|2523|1902|65987|660568|68579|20552|48027|194915|5235144
2670000|4349|4349|0|2604|1745|68314|681176|69684|20871|48813|201854|5269680
2680000|4554|4554|0|2488|2066|64967|648472|102681|18635|84046|180498|4717008
2690000|5361|5361|0|2495|2866|49551|649728|66020|12266|53754|111796|3177496
2700000|5899|5899|0|2971|2928|60324|769920|86815|18697|68118|172200|4744400
2710000|5813|5813|0|3353|2460|79737|872976|73284|17427|55857|170188|4449968
2720000|5847|5847|0|3887|1960|92166|1008016|79542|22393|57149|220106|5617904
2730000|5037|5037|0|3311|1726|84478|853792|60722|20608|40114|209184|5171912
2740000|4985|4985|0|3310|1675|83859|857976|70362|22541|47821|222540|5658720
2750000|4966|4966|0|3129|1837|73513|807872|66098|21412|44686|194100|5244232
2760000|5383|5383|0|3670|1713|91490|946296|76263|26478|49785|243310|6514096
2770000|5383|5383|0|3545|1838|89656|921608|65579|23035|42544|224787|5780056
2780000|5619|5619|0|3613|2006|80112|936968|67049|19371|47678|179517|4927968
2790000|5647|5647|0|3433|2214|75971|892832|65134|18782|46352|179454|4772840
2800000|6047|6046|1|3703|2343|78870|956368|65905|18799|47106|176553|4782544
2810000|6422|6422|0|4524|1898|112117|1162000|77224|28497|48727|294389|6985264
2820000|6254|6254|0|4272|1982|99537|1099504|78508|25540|52968|255311|6376008
2830000|6202|6202|0|3417|2785|70636|883592|61661|17867|43794|170232|4540200
2840000|6190|6190|0|4045|2145|91076|1044800|69685|21553|48132|203269|5428744
2850000|6443|6443|0|4361|2082|105099|1121056|76988|24846|52142|249446|6226640
2860000|6462|6462|0|4529|1933|127019|1173512|89843|33056|56787|345717|8105560
2870000|5906|5906|0|3556|2350|75884|918456|65281|18589|46692|175698|4667824
2880000|5662|5661|1|3174|2487|63645|823176|57899|16271|41628|149839|4159960
2890000|5959|5959|0|3930|2029|95272|1018480|68228|24076|44152|240116|6027288
2900000|6199|6199|0|4246|1953|98225|1099472|75717|25761|49956|248557|6381152
2910000|6015|6015|0|4216|1799|97969|1088136|70388|24061|46327|232130|6025128
2920000|5812|5812|0|4091|1721|84598|1054272|65682|20856|44826|188421|5283720
2930000|6059|6059|0|4331|1728|99399|1119392|71929|25865|46064|239042|6436256
2940000|6485|6485|0|4506|1979|110476|1160696|81260|27930|53330|263551|6931032
2950000|6366|6366|0|4293|2073|95712|1110320|75401|23230|52171|209258|5834648
2960000|6207|6207|0|4429|1778|102464|1151584|71469|24148|47321|221236|6088472
2970000|6173|6173|0|4371|1802|112155|1130768|76830|27584|49246|268590|6917440
2980000|6153|6153|0|4067|2086|92603|1050504|74683|23204|51479|215603|5846016
2990000|6213|6213|0|4375|1838|119940|1131632|86938|31005|55933|317297|7677416
3000000|5978|5978|0|3749|2229|85775|964920|68376|20925|47451|199438|5281728
3010000|6227|6227|0|3973|2254|91707|1026080|73360|21299|52061|203281|5384304
3020000|6343|6343|0|4334|2009|111907|1128624|77193|25753|51440|248549|6465952
3030000|6212|6212|0|4156|2056|107567|1085304|71993|24815|47178|241637|6267944
3040000|6236|6236|0|4296|1940|104749|1118904|72638|22677|49961|208226|5727520
3050000|6268|6268|0|4527|1741|115417|1177864|78747|26462|52285|245896|6694008
3060000|6247|6247|0|4756|1491|138330|1239488|80822|30837|49985|293035|7736256
3070000|6260|6260|0|4681|1579|135517|1222144|75918|29192|46726|284412|7318360
3080000|5943|5942|1|4427|1515|130118|1157856|80460|31664|48796|315424|7998120
3090000|5750|5750|0|4121|1629|110869|1071168|69105|25551|43554|245264|6454296
3100000|5819|5819|0|4164|1655|110196|1079704|72938|26261|46677|247321|6569192
3110000|5908|5908|0|4282|1626|117088|1113032|75449|27711|47738|265005|6962512
3120000|5822|5822|0|3950|1872|109550|1030792|70869|24472|46397|233546|6199880
3130000|6019|6019|0|4284|1735|112619|1107360|75916|25853|50063|244672|6461456
3140000|5936|5936|0|4447|1489|123099|1151752|82041|32284|49757|304801|8049528
3150000|6314|6314|0|4611|1703|127743|1193368|82141|32309|49832|309611|8085800
3160000|6187|6187|0|4649|1538|129109|1204360|84651|32827|51824|305493|8153784
3170000|5942|5942|0|4400|1542|109831|1139584|74560|30485|44075|265764|7674224
3180000|6401|6401|0|4805|1596|134433|1247952|91310|36404|54906|330861|9120848
3190000|6367|6367|0|4629|1738|130394|1201408|90668|36531|54137|327162|9151008
3200000|6223|6223|0|4365|1858|111938|1130696|83720|29284|54436|262987|7429320
3210000|6033|6033|0|4405|1628|115335|1144368|82264|29962|52302|258160|7580272
3220000|5729|5729|0|4191|1538|105332|1086688|81074|30391|50683|256586|7693680
3230000|5855|5855|0|4416|1439|145831|1148416|93221|41836|51385|411073|10279280
3240000|5825|5825|0|4071|1754|109275|1057600|81082|29866|51216|265761|7518400
3250000|6037|6037|0|4475|1562|126826|1160688|89506|34568|54938|305926|8740928
3260000|6009|6009|0|4384|1625|112684|1131272|85779|32755|53024|278882|8280232
3270000|6275|6275|0|4732|1543|136664|1230704|94853|33768|61085|302923|8504984
3280000|6484|6484|0|4661|1823|127472|1206328|110257|35152|75105|301764|8827272
3290000|6679|6679|0|4671|2008|125947|1212648|105295|34775|70520|309626|8757344
3300000|6198|6198|0|4460|1738|106436|1154960|93675|30327|63348|255478|7675496
3310000|6358|6358|0|4481|1877|122713|1164520|102956|35953|67003|326327|9090568
3320000|6205|6205|0|4162|2043|119534|1084560|99284|31364|67920|293831|7979048
3330000|6323|6323|0|4342|1981|128910|1132032|104726|35166|69560|317622|8867776
3340000|6255|6255|0|4371|1884|138140|1139712|112046|35316|76730|329270|8965024
3350000|6609|6609|0|4880|1729|213321|1282904|131161|40043|91118|413965|10221184
3360000|6637|6637|0|4739|1898|172857|1245648|138379|41378|97001|391517|10523800
3370000|7201|7201|0|5235|1966|198113|1375616|182907|49430|133477|466388|12477248
3380000|6751|6751|0|4906|1845|162763|1287032|145887|44490|101397|407587|11322384
3390000|6728|6728|0|4910|1818|162296|1284648|136446|41761|94685|382997|10574944
3400000|6568|6568|0|4803|1765|175157|1256904|137337|44180|93157|419324|11154936
3410000|6575|6575|0|4769|1806|174870|1251848|138274|45700|92574|451782|11557784
3420000|6620|6620|0|4599|2021|167706|1207680|144734|41679|103055|405264|10553896
3430000|6646|6646|0|4998|1648|220269|1318464|147710|49842|97868|501570|12666216
3440000|6768|6768|0|5003|1765|211761|1320624|144404|49572|94832|497983|12657760
3450000|6809|6809|0|5121|1688|243255|1349728|170326|56596|113730|586141|14464504
3460000|6719|6719|0|5136|1583|210190|1351584|148336|50173|98163|488190|12750816
3470000|6957|6957|0|5365|1592|235182|1420144|159375|52743|106632|511941|13494584
3480000|6712|6712|0|5105|1607|212095|1347760|149703|48357|101346|455090|12339360
3490000|6832|6832|0|5038|1794|198432|1325336|153099|44641|108458|426429|11315936
3500000|6595|6595|0|4786|1809|189167|1253176|142159|44670|97489|444407|11308688
3510000|7004|7004|0|5100|1904|186133|1332976|129042|44374|84668|434687|11326496
3520000|7146|7146|0|5133|2013|193893|1343968|128454|43412|85042|430961|11057536
3530000|7380|7380|0|5212|2168|203684|1370056|147342|49486|97856|480707|12525888
3540000|7119|7119|0|5184|1935|212856|1363648|136726|46120|90606|468210|11759256
3550000|6909|6909|0|5199|1710|204863|1362096|121087|46505|74582|446164|11888832
3560000|7076|7076|0|5274|1802|241596|1386768|131016|46661|84355|462965|11950392
3570000|7292|7292|0|5496|1796|289770|1445976|152443|57826|94617|611495|14744736
3580000|7414|7414|0|5649|1765|250267|1484888|136493|50730|85763|519835|12882968
3590000|7249|7249|0|5589|1660|256050|1469768|127214|46007|81207|466828|11707832
3600000|7516|7516|0|5894|1622|292981|1552320|153652|62093|91559|627673|15639536
3610000|7363|7363|0|5516|1847|301170|1458064|167647|58421|109226|621783|14868216
3620000|7539|7539|0|5646|1893|316194|1491080|180113|68328|111785|727854|17166992
3630000|7479|7479|0|5762|1717|319740|1523408|166076|59439|106637|621384|15139704
3640000|7919|7919|0|6236|1683|385512|1652392|200631|75566|125065|833717|19066320
3650000|7802|7802|0|5951|1851|332547|1568008|181828|63061|118767|677238|15929792
3660000|7842|7842|0|5921|1921|319999|1562488|190391|61053|129338|631516|15541184
3670000|7806|7806|0|6018|1788|338130|1588232|181954|57563|124391|611623|14717528
3680000|8011|8011|0|6354|1657|362217|1685200|202849|63051|139798|665652|16064944
3690000|8112|8112|0|6503|1609|407940|1729320|200556|68612|131944|744354|17593800
3700000|8033|8033|0|6535|1498|429173|1738432|191458|71621|119837|792101|18251312
3710000|8050|8050|0|6608|1442|448089|1759464|191301|69789|121512|784692|17983264
3720000|8337|8337|0|6993|1344|544723|1865728|228656|85582|143074|975669|21913944
3730000|8542|8542|0|7100|1442|586360|1901000|248476|91708|156768|1066785|23566984
3740000|8530|8530|0|7089|1441|603915|1896864|272208|94362|177846|1092618|24207208
3750000|8452|8452|0|7121|1331|614765|1905504|287914|103398|184516|1175226|26490984
3760000|8912|8912|0|7731|1181|737856|2070568|342335|113607|228728|1339490|29187016
3770000|9023|9023|0|7920|1103|743388|2126696|341761|113630|228131|1316717|29198408
3780000|8921|8921|0|7818|1103|601342|2092328|280582|94222|186360|1054265|24112992
3790000|8956|8956|0|7832|1124|688662|2102376|282902|104313|178589|1223687|26841160
3800000|9236|9236|0|8230|1006|651738|2206616|367166|98805|268361|1175057|25490392
3810000|9213|9213|0|8290|923|843720|2226864|387417|127996|259421|1607528|32984224
3820000|8963|8963|0|8043|920|790311|2161080|342983|116904|226079|1407759|30181760
3830000|8747|8747|0|7469|1278|758014|1998208|369326|115990|253336|1396476|29835064
3840000|9049|9049|0|7968|1081|823407|2138192|387960|129714|258246|1537033|33438288
3850000|8991|8991|0|7791|1200|812245|2088088|387159|128713|258446|1533348|33010088
3860000|9143|9143|0|7766|1377|783059|2082448|451023|114289|336734|1352042|29369328
3870000|9344|9344|0|8282|1062|874371|2219648|544118|141515|402603|1954075|36446368
3880000|9240|9240|0|8105|1135|863398|2174024|485219|134625|350594|1595632|34577296
3890000|9032|9032|0|7880|1152|917035|2118240|463508|141545|321963|1725332|36455312
3900000|9106|9106|0|7955|1151|936214|2140016|490552|151698|338854|1781436|39380544
3910000|9283|9283|0|8067|1216|740582|2170976|546555|136817|409738|1760394|35385752
3920000|9828|9828|0|9340|488|1061038|2520648|564862|154346|410516|1918267|39787096
3930000|9812|9812|0|9014|798|943395|2421704|490891|147821|343070|1860718|38089256
3940000|9849|9849|0|9121|728|1014733|2441760|571165|162484|408681|1989153|40955664
3950000|9871|9871|0|9229|642|1204218|2479400|540125|188274|351851|2317577|47981360
3960000|9727|9727|0|8877|850|1105267|2366800|486826|173036|313790|2128272|43854648
3970000|9797|9797|0|9000|797|1297393|2400912|547175|206161|341014|2645741|52195448
3980000|9823|9823|0|8924|899|1258191|2384336|551623|193981|357642|2482597|49245960
3990000|9768|9768|0|8931|837|1258009|2386224|545846|202109|343737|2586593|51313296
4000000|9879|9879|0|9170|709|1137066|2460584|476289|184826|291463|2255638|46953768
4010000|9932|9932|0|9389|543|1371293|2530488|627462|228033|399429|2832558|58327648
4020000|9869|9869|0|9291|578|1341506|2503664|602627|230136|372491|2807817|58612824
4030000|9856|9856|0|9146|710|1139072|2460672|521217|184391|336826|2309563|47295656
4040000|9898|9898|0|9220|678|1213085|2482264|552147|204637|347510|2459841|52477768
4050000|9915|9915|0|9260|655|1205553|2493824|594451|196814|397637|2357404|50235968
4060000|9864|9864|0|9208|656|1051769|2477552|473879|166760|307119|2020705|42515496
4070000|9882|9882|0|9390|492|1187303|2532152|569994|215485|354509|2443338|55075160
4080000|9904|9904|0|9329|575|1117812|2511704|503321|176087|327234|2096621|45100816
4090000|9872|9872|0|9272|600|1218114|2495632|490560|176622|313938|2243751|44997616
4100000|9823|9823|0|9118|705|1048851|2451352|459322|158869|300453|2070379|40415904
4110000|9904|9904|0|9353|551|1191808|2521896|546604|196067|350537|2358740|50023008
4120000|9939|9939|0|9461|478|1440381|2555008|635234|249075|386159|2984102|63741976
4130000|9948|9948|0|9581|367|1481447|2588232|659003|268165|390838|3076881|68562840
4140000|9962|9962|0|9564|398|1543679|2585464|751740|278788|472952|3245473|71511904
4150000|9963|9963|0|9653|310|1834734|2612048|854561|363519|491042|4114773|93105360
4160000|9953|9953|0|9612|341|1814768|2601464|908444|371640|536804|4193665|95060552
4170000|9976|9976|0|9753|223|2110461|2642576|1012847|390928|621919|4959255|100240224
4180000|9978|9978|0|9646|332|1868451|2610520|965353|351000|614353|4131504|90079304
4190000|9929|9929|0|9485|444|1772929|2564432|867127|334526|532601|3904758|85794176
4200000|9921|9921|0|9492|429|1792839|2567464|854154|325205|528949|3838206|83516088
4210000|9956|9956|0|9607|349|1899105|2599440|916005|360127|555878|4220223|92174184
4220000|9983|9983|0|9793|190|2297055|2655136|1096218|437826|658392|5225056|112519392
4230000|9984|9984|0|9762|222|2249315|2645824|1084078|413412|670666|4943860|106016408
4240000|9972|9972|0|9726|246|2189379|2634592|1042854|405416|637438|4827289|103873232
4250000|9993|9993|0|9908|85|2842020|2690312|1306804|538823|767981|6608018|137881936
4260000|9981|9981|0|9782|199|2520989|2651656|1106715|479807|626908|5854039|122789832
4270000|9980|9980|0|9760|220|2347155|2645024|1072592|420352|652240|5183472|107680096
4280000|9991|9991|0|9781|210|2501010|2651400|1105794|390409|715385|5332019|100204528
4290000|9966|9966|0|9717|249|2525634|2632968|924602|346763|577839|4738804|88632592
4300000|9972|9972|0|9732|240|2452595|2636240|890896|340734|550162|4630332|87207936
4310000|9976|9976|0|9737|239|2385937|2637360|945264|360406|584858|4641591|92510472
4320000|9986|9986|0|9842|144|2730311|2670656|1079272|440266|639006|5463114|112600392
4330000|9978|9978|0|9766|212|2446316|2648656|1061889|407958|653931|4833533|104272976
4340000|9967|9967|0|9809|158|2421296|2659656|1100818|442107|658711|5057916|112576048
4350000|9974|9974|0|9811|163|2376257|2658640|1061677|420276|641401|4806386|106957160
4360000|9973|9973|0|9822|151|2665328|2663928|1199730|453867|745863|5525031|115319608
4370000|9971|9971|0|9831|140|2687768|2666408|1177321|454415|722906|5763254|114882376
4380000|9904|9904|0|9524|380|2063095|2574432|855379|379667|475712|4621930|95138848
4390000|9897|9897|0|9362|535|1658847|2529800|766517|293965|472552|3741737|73993168
4400000|9906|9906|0|9414|492|1706920|2544904|852705|334547|518158|3774801|84227040
4410000|9877|9877|0|9317|560|1300521|2513280|716782|220406|496376|2493974|55696392
4420000|9894|9894|0|9349|545|1659101|2523816|749841|236660|513181|3051156|59662936
4430000|9924|9924|0|9517|407|1919843|2575416|752055|314293|437762|3750555|79897800
4440000|9908|9908|0|9459|449|1995032|2557264|772420|305718|466702|3737943|78172832
4450000|9854|9854|0|9351|503|2169538|2528024|773451|263342|510109|3738378|66919632
4460000|9880|9880|0|9394|486|2379727|2542480|840742|332646|508096|4504078|84871712
4470000|9925|9925|0|9513|412|2373188|2573800|847324|378149|469175|4747919|96805056
4480000|9928|9928|0|9525|403|2445143|2577672|846471|385819|460652|4838396|98439968
4490000|9865|9865|0|9377|488|2299078|2534088|732702|351503|381199|4632645|88543432
4500000|9838|9838|0|9158|680|1624584|2471352|677553|317924|359629|3698802|79771704
4510000|9833|9833|0|9317|516|1812631|2515296|797301|366092|431209|4171916|91722496
4520000|9915|9915|0|9458|457|1782957|2557496|754520|348175|406345|3865158|87561208
4530000|9889|9889|0|9451|438|1734054|2553456|726089|320127|405962|3560911|80600840
4540000|9877|9877|0|9351|526|1961913|2526448|671920|277120|394800|3580314|69471536
4550000|9800|9800|0|9301|499|1975670|2515616|713750|295388|418362|3721543|74666416
4560000|9876|9876|0|9496|380|2042288|2567920|839723|355537|484186|4199721|89798176
4570000|9886|9886|0|9479|407|1885538|2561664|805299|341765|463534|3896609|85814592
4580000|9936|9936|0|9531|405|2066338|2575568|756407|334447|421960|4129170|84053208
4590000|9922|9922|0|9531|391|2097961|2576440|796055|354794|441261|4313085|89085864
4600000|9957|9957|0|9529|428|2045040|2575184|857034|345331|511703|4132520|86932336
4610000|9951|9951|0|9562|389|2039930|2585408|869106|371042|498064|4257619|93979480
4620000|9939|9939|0|9470|469|2182520|2558344|899168|407706|491462|4987122|103111240
4630000|9942|9942|0|9483|459|2044101|2564336|870667|368354|502313|4488940|93795624
4640000|9970|9970|0|9651|319|3938363|2614128|1033071|422637|610434|7329925|106990576
4650000|9975|9975|0|9653|322|2389845|2613008|1058365|400055|658310|4884647|100529992
4660000|9971|9971|0|9727|244|2326010|2634968|1051042|406682|644360|4855381|102500920
4670000|9970|9970|0|9727|243|2334326|2633120|1071648|435725|635923|5166440|108724408
4680000|9995|9995|0|9866|129|1875186|2671776|1254859|428078|826781|4739024|104681504
4690000|9999|9999|0|9914|85|1595216|2687392|1324552|371509|953043|4144230|91748368
4700000|9998|9998|0|9983|15|1792750|2711504|1248465|440701|807764|4933164|107458976
4700000|0|0|0|0|0|0|0|0|0|0|0|0
