blockNum	nBlocks	blksWithTxs	blksWithoutTxs	blksWithBlooms	blksWithoutBlooms	bitsInBloomsBlk	bytesInBloomsBlk	
40000	0	0	0	1	0	6	272	
50000	0	0	0	663	0	9244	165480	
60000	0	0	0	1308	0	21849	326032	
70000	0	0	0	1304	0	27807	325312	
80000	0	0	0	1389	0	18806	349328	
90000	0	0	0	1504	0	25991	375856	
100000	0	0	0	1364	0	19678	342720	
110000	0	0	0	1448	0	20781	366736	
120000	0	0	0	1212	0	25682	307808	
130000	0	0	0	1358	0	29070	346336	
140000	0	0	0	1294	0	29677	326240	
150000	0	0	0	1461	0	32604	372640	
160000	0	0	0	1489	0	37104	385464	
170000	0	0	0	1561	0	38023	402752	
180000	0	0	0	1693	0	48932	450000	
190000	0	0	0	1602	0	40656	427768	
200000	0	0	0	1609	0	38867	425200	
210000	0	0	0	1660	0	40694	437616	
220000	0	0	0	1640	0	40439	432000	
230000	0	0	0	1653	0	40503	434104	
240000	0	0	0	1676	0	42714	441872	
250000	0	0	0	1768	0	41475	461080	
260000	0	0	0	1722	0	41575	440408	
270000	0	0	0	1786	0	44020	471376	
280000	0	0	0	1864	0	48726	493192	
290000	0	0	0	1813	0	45956	467504	
300000	0	0	0	1796	0	47549	474128	
310000	0	0	0	1801	0	46358	475256	
320000	0	0	0	1784	0	46598	471456	
330000	0	0	0	1823	0	46471	482168	
340000	0	0	0	1809	0	49064	476896	
350000	0	0	0	1859	0	53225	490536	
360000	0	0	0	1855	0	51877	491208	
370000	0	0	0	1835	0	48009	484064	
380000	0	0	0	1889	0	51939	496976	
390000	0	0	0	1872	0	53538	492648	
400000	0	0	0	1863	0	52926	494320	
410000	0	0	0	1887	0	52153	498072	
420000	0	0	0	1855	0	49939	483776	
430000	0	0	0	1898	0	54525	500768	
440000	0	0	0	1856	0	50614	486464	
450000	0	0	0	1848	0	51570	484288	
460000	0	0	0	1910	0	59869	503216	
470000	0	0	0	1885	0	58165	491280	
480000	0	0	0	1839	0	54665	479280	
490000	0	0	0	1825	0	55125	477488	
500000	0	0	0	1869	0	56861	490040	
510000	0	0	0	1874	0	60763	494688	
520000	0	0	0	1906	0	64550	499736	
530000	0	0	0	1966	0	91700	517824	
540000	0	0	0	1887	0	64950	492920	
550000	0	0	0	1859	0	54901	483200	
560000	0	0	0	1846	0	55654	477952	
570000	0	0	0	1908	0	60333	497944	
580000	0	0	0	1908	0	55445	492064	
590000	0	0	0	1897	0	57567	492888	
600000	0	0	0	1835	0	56065	480616	
610000	0	0	0	1804	0	53193	468432	
620000	0	0	0	1826	0	52704	473904	
630000	0	0	0	1857	0	53998	482232	
640000	0	0	0	1878	0	52771	487728	
650000	0	0	0	1893	0	57873	493280	
660000	0	0	0	1873	0	53895	485736	
670000	0	0	0	1893	0	54529	488960	
680000	0	0	0	1927	0	63711	504496	
690000	0	0	0	1895	0	66939	493872	
700000	0	0	0	1990	0	103987	530336	
710000	0	0	0	1964	0	75470	515344	
720000	0	0	0	1958	0	75154	513432	
730000	0	0	0	1955	0	77715	511696	
740000	0	0	0	1949	0	107784	512424	
750000	0	0	0	1937	0	79216	506096	
760000	0	0	0	1954	0	86057	514272	
770000	0	0	0	1969	0	90174	518408	
780000	0	0	0	1937	0	81508	507136	
790000	0	0	0	1921	0	71185	501576	
800000	0	0	0	1930	0	76945	505296	
810000	0	0	0	1981	0	98202	523024	
820000	0	0	0	1969	0	90015	518296	
830000	0	0	0	1973	0	90183	520432	
840000	0	0	0	1960	0	90378	514424	
850000	0	0	0	1965	0	92006	517328	
860000	0	0	0	1921	0	77882	507624	
870000	0	0	0	1942	0	76034	512776	
880000	0	0	0	1923	0	81916	514448	
890000	0	0	0	1932	0	82622	513544	
900000	0	0	0	1925	0	89229	513200	
910000	0	0	0	1969	0	105579	526896	
920000	0	0	0	1976	0	107932	532472	
930000	0	0	0	1975	0	113506	532736	
940000	0	0	0	1965	0	111438	527264	
950000	0	0	0	1948	0	107010	522016	
960000	0	0	0	1957	0	112473	525840	
970000	0	0	0	1947	0	107875	522984	
980000	0	0	0	1969	0	114865	526496	
990000	0	0	0	1982	0	142759	533344	
1000000	0	0	0	1987	0	137891	534584	
1010000	0	0	0	1982	0	126584	531352	
1020000	0	0	0	1978	0	131542	531408	
1030000	0	0	0	1982	0	130525	531992	
1040000	0	0	0	1985	0	125972	533408	
1050000	0	0	0	1988	0	132834	535240	
1060000	0	0	0	1995	0	137162	538248	
1070000	0	0	0	1986	0	138176	533632	
1080000	0	0	0	1995	0	142740	537032	
1090000	0	0	0	1993	0	159004	538368	
1100000	0	0	0	1994	0	167522	538000	
1110000	0	0	0	1997	0	182025	539632	
1120000	0	0	0	1996	0	171634	538832	
1130000	0	0	0	2000	0	159914	540376	
1140000	0	0	0	1997	0	172810	539720	
1150000	0	0	0	1993	0	179230	539104	
1160000	0	0	0	1975	0	156070	532552	
1170000	0	0	0	1986	0	175438	536888	
1180000	0	0	0	1990	0	169138	537184	
1190000	0	0	0	1977	0	159033	532544	
1200000	0	0	0	1980	0	171641	534536	
1210000	0	0	0	1986	0	169590	536576	
1220000	0	0	0	1985	0	161225	533480	
1230000	0	0	0	1978	0	164070	533056	
1240000	0	0	0	1988	0	180821	536848	
1250000	0	0	0	1982	0	190085	534832	
1260000	0	0	0	1986	0	175772	535512	
1270000	0	0	0	1977	0	161261	531912	
1280000	0	0	0	1977	0	177711	532904	
1290000	0	0	0	1973	0	176210	531952	
1300000	0	0	0	1968	0	169552	530864	
1310000	0	0	0	1976	0	168249	530448	
1320000	0	0	0	1973	0	175607	531712	
1330000	0	0	0	1972	0	170083	530752	
1340000	0	0	0	1983	0	173850	533368	
1350000	0	0	0	1978	0	164469	532224	
1360000	0	0	0	1984	0	176176	534056	
1370000	0	0	0	1988	0	170918	534600	
1380000	0	0	0	1979	0	175009	532816	
1390000	0	0	0	1977	0	167964	530520	
1400000	0	0	0	1970	0	165476	529104	
1410000	0	0	0	1989	0	182695	535784	
1420000	0	0	0	1987	0	177623	535400	
1430000	0	0	0	1997	0	205529	539248	
1440000	0	0	0	1997	0	236266	541040	
1450000	0	0	0	1999	0	220377	541616	
1460000	0	0	0	1996	0	210487	540512	
1470000	0	0	0	1994	0	210816	540776	
1480000	0	0	0	1997	0	203188	541312	
1490000	0	0	0	1996	0	210763	541256	
1500000	0	0	0	1996	0	230104	541536	
1510000	0	0	0	2000	0	238918	543664	
1520000	0	0	0	1998	0	253923	542672	
1530000	0	0	0	1999	0	216715	542384	
1540000	0	0	0	1999	0	249815	542752	
1550000	0	0	0	1999	0	255765	542464	
1560000	0	0	0	1999	0	255707	542376	
1570000	0	0	0	1999	0	220541	541448	
1580000	0	0	0	1998	0	242273	541760	
1590000	0	0	0	2000	0	265264	542600	
1600000	0	0	0	1999	0	290675	543152	
1610000	0	0	0	2000	0	273014	543488	
1620000	0	0	0	1999	0	245354	542680	
1630000	0	0	0	1996	0	230726	540992	
1640000	0	0	0	2000	0	221964	541712	
1650000	0	0	0	1996	0	206999	539944	
1660000	0	0	0	1997	0	212867	540992	
1670000	0	0	0	2000	0	235689	541928	
1680000	0	0	0	1998	0	232232	540976	
1690000	0	0	0	1999	0	220080	542080	
1700000	0	0	0	1995	0	256255	541464	
1710000	0	0	0	2000	0	265024	542880	
1720000	0	0	0	1999	0	281905	542776	
1730000	0	0	0	1972	0	383137	536176	
1740000	0	0	0	1992	0	254273	540096	
1750000	0	0	0	1996	0	281821	541496	
1760000	0	0	0	1996	0	250626	540488	
1770000	0	0	0	1996	0	224034	539728	
1780000	0	0	0	1998	0	218653	540304	
1790000	0	0	0	2000	0	239455	542088	
1800000	0	0	0	1999	0	232352	541200	
1810000	0	0	0	1999	0	218720	540648	
1820000	0	0	0	2000	0	217159	541000	
1830000	0	0	0	2000	0	223103	541176	
1840000	0	0	0	1999	0	216376	540648	
1850000	0	0	0	1998	0	225513	540320	
1860000	0	0	0	1999	0	223669	540552	
1870000	0	0	0	2000	0	209817	540680	
1880000	0	0	0	1999	0	213361	540392	
1890000	0	0	0	1998	0	238005	540424	
1900000	0	0	0	1999	0	200126	539456	
1910000	0	0	0	1997	0	196182	539656	
1920000	0	0	0	1990	0	233031	537936	
1930000	0	0	0	1998	0	260677	542648	
1940000	0	0	0	1999	0	273982	542224	
1950000	0	0	0	1998	0	317740	542472	
1960000	0	0	0	2000	0	342120	543152	
1970000	0	0	0	1999	0	307735	542440	
1980000	0	0	0	1999	0	261759	541856	
1990000	0	0	0	1994	0	269141	540504	
2000000	0	0	0	2000	0	297764	542904	
2010000	0	0	0	1997	0	279444	541528	
2020000	0	0	0	2000	0	252825	541640	
2030000	0	0	0	1997	0	250055	540720	
2040000	0	0	0	1994	0	246200	540448	
2050000	0	0	0	1999	0	279503	542096	
2060000	0	0	0	1999	0	270410	542048	
2070000	0	0	0	1995	0	224675	539328	
2080000	0	0	0	1996	0	247507	541072	
2090000	0	0	0	1993	0	261682	540160	
2100000	0	0	0	1995	0	260927	540920	
2110000	0	0	0	1994	0	241256	539304	
2120000	0	0	0	1996	0	248411	540912	
2130000	0	0	0	1996	0	275906	540928	
2140000	0	0	0	1994	0	270398	540520	
2150000	0	0	0	1996	0	265727	541176	
2160000	0	0	0	1989	0	238811	538152	
2170000	0	0	0	1992	0	268952	539736	
2180000	0	0	0	1995	0	285209	540808	
2190000	0	0	0	1999	0	264639	541736	
2200000	0	0	0	1997	0	250487	540056	
2210000	0	0	0	1994	0	264906	539568	
2220000	0	0	0	1989	0	237074	538112	
2230000	0	0	0	1994	0	289729	540464	
2240000	0	0	0	1994	0	245869	538792	
2250000	0	0	0	1989	0	252351	538000	
2260000	0	0	0	1996	0	265668	540800	
2270000	0	0	0	1993	0	264874	539560	
2280000	0	0	0	1998	0	260806	541200	
2290000	0	0	0	1974	0	241764	530760	
2300000	0	0	0	2000	0	292710	542088	
2310000	0	0	0	1849	0	274485	500648	
2320000	0	0	0	1775	0	285199	476032	
2330000	0	0	0	1975	0	1022208	534304	
2340000	0	0	0	1966	0	292968	532184	
2350000	0	0	0	1981	0	252559	536216	
2360000	0	0	0	1963	0	264757	531472	
2370000	0	0	0	1950	0	971305	529056	
2380000	0	0	0	1948	0	323754	528104	
2390000	0	0	0	1897	0	235223	513656	
2400000	0	0	0	1911	0	251410	516472	
2410000	0	0	0	1957	0	257759	529856	
2420000	0	0	0	1966	0	288885	533440	
2430000	0	0	0	1822	0	241836	492448	
2440000	0	0	0	1856	0	286409	499968	
2450000	0	0	0	1957	0	223729	529640	
2460000	0	0	0	1973	0	255312	534568	
2470000	0	0	0	1982	0	288161	536848	
2480000	0	0	0	1961	0	260010	529264	
2490000	0	0	0	1964	0	258980	531088	
2500000	0	0	0	1952	0	235511	526760	
2510000	0	0	0	1985	0	250640	537528	
2520000	0	0	0	1970	0	252183	533296	
2530000	0	0	0	1980	0	260915	535616	
2540000	0	0	0	1959	0	238049	528688	
2550000	0	0	0	1973	0	281967	533904	
2560000	0	0	0	1949	0	249073	526160	
2570000	0	0	0	1942	0	229156	522968	
2580000	0	0	0	1939	0	215476	522728	
2590000	0	0	0	1949	0	241495	525976	
2600000	0	0	0	1970	0	255589	531352	
2610000	0	0	0	1960	0	240769	528960	
2620000	0	0	0	1975	0	251526	532336	
2630000	0	0	0	1988	0	248611	537672	
2640000	0	0	0	1980	0	259452	535728	
2650000	0	0	0	1939	0	233529	522368	
2660000	0	0	0	1906	0	236865	512536	
2670000	0	0	0	1910	0	240739	513992	
2680000	0	0	0	1911	0	908181	515352	
2690000	0	0	0	1944	0	1847386	523144	
2700000	0	0	0	1979	0	2223233	535656	
2710000	0	0	0	1976	0	3551026	535816	
2720000	0	0	0	1985	0	2755840	538128	
2730000	0	0	0	1966	0	257790	529552	
2740000	0	0	0	1958	0	242206	528112	
2750000	0	0	0	1962	0	237635	528792	
2760000	0	0	0	1973	0	257725	533208	
2770000	0	0	0	1974	0	227173	532808	
2780000	0	0	0	1984	0	241703	535224	
2790000	0	0	0	1984	0	235323	535928	
2800000	0	0	0	1984	0	236585	535744	
2810000	0	0	0	1991	0	239219	538888	
2820000	0	0	0	1992	0	250566	538520	
2830000	0	0	0	1981	0	217499	535040	
2840000	0	0	0	1982	0	243433	535760	
2850000	0	0	0	1989	0	253372	538160	
2860000	0	0	0	1992	0	271991	538584	
2870000	0	0	0	1983	0	230656	535728	
2880000	0	0	0	1975	0	207368	531944	
2890000	0	0	0	1985	0	228957	535968	
2900000	0	0	0	1989	0	251424	537616	
2910000	0	0	0	1977	0	241237	534264	
2920000	0	0	0	1984	0	231397	535488	
2930000	0	0	0	1989	0	244371	537568	
2940000	0	0	0	1996	0	285494	541160	
2950000	0	0	0	1990	0	273121	538904	
2960000	0	0	0	1993	0	255839	539808	
2970000	0	0	0	1986	0	262185	537848	
2980000	0	0	0	1985	0	261075	536944	
2990000	0	0	0	1990	0	273011	539368	
3000000	0	0	0	1988	0	242199	537648	
3010000	0	0	0	1992	0	256378	538976	
3020000	0	0	0	1989	0	272827	538656	
3030000	0	0	0	1987	0	262857	538416	
3040000	0	0	0	1992	0	270181	540016	
3050000	0	0	0	1990	0	277710	539152	
3060000	0	0	0	1991	0	281009	539200	
3070000	0	0	0	1988	0	268841	538472	
3080000	0	0	0	1981	0	266363	536392	
3090000	0	0	0	1978	0	248733	534840	
3100000	0	0	0	1981	0	252686	535568	
3110000	0	0	0	1981	0	261677	535728	
3120000	0	0	0	1981	0	264420	536616	
3130000	0	0	0	1993	0	267442	539776	
3140000	0	0	0	1989	0	268599	538656	
3150000	0	0	0	1992	0	272823	539512	
3160000	0	0	0	1986	0	284602	538232	
3170000	0	0	0	1983	0	251151	536632	
3180000	0	0	0	1987	0	294240	538112	
3190000	0	0	0	1991	0	305248	539960	
3200000	0	0	0	1990	0	290094	539632	
3210000	0	0	0	1986	0	287054	537888	
3220000	0	0	0	1982	0	273098	536128	
3230000	0	0	0	1984	0	286243	536720	
3240000	0	0	0	1984	0	280363	536808	
3250000	0	0	0	1986	0	300789	537840	
3260000	0	0	0	1988	0	291826	538168	
3270000	0	0	0	1994	0	338637	540472	
3280000	0	0	0	1992	0	380760	540152	
3290000	0	0	0	1997	0	368594	541640	
3300000	0	0	0	1994	0	325021	540160	
3310000	0	0	0	1994	0	336023	540696	
3320000	0	0	0	1990	0	341607	539168	
3330000	0	0	0	1992	0	357876	540224	
3340000	0	0	0	1992	0	387823	540096	
3350000	0	0	0	1994	0	459876	541232	
3360000	0	0	0	1994	0	482901	541328	
3370000	0	0	0	1998	0	620880	543192	
3380000	0	0	0	1996	0	498320	542448	
3390000	0	0	0	1996	0	475757	541968	
3400000	0	0	0	1993	0	470276	541144	
3410000	0	0	0	1995	0	464575	541584	
3420000	0	0	0	1996	0	501356	542224	
3430000	0	0	0	1991	0	506587	540488	
3440000	0	0	0	1994	0	500675	541384	
3450000	0	0	0	1994	0	563744	541600	
3460000	0	0	0	1995	0	509503	541952	
3470000	0	0	0	1996	0	563073	542440	
3480000	0	0	0	1996	0	533400	542344	
3490000	0	0	0	1995	0	543950	541912	
3500000	0	0	0	1991	0	457892	540760	
3510000	0	0	0	1996	0	447624	542040	
3520000	0	0	0	2000	0	451955	543144	
3530000	0	0	0	1996	0	505652	542256	
3540000	0	0	0	1998	0	475695	542696	
3550000	0	0	0	1996	0	429068	541896	
3560000	0	0	0	1997	0	484609	542312	
3570000	0	0	0	2000	0	539304	543368	
3580000	0	0	0	1999	0	479730	543288	
3590000	0	0	0	1997	0	479205	542640	
3600000	0	0	0	1998	0	521371	542976	
3610000	0	0	0	1998	0	591454	542832	
3620000	0	0	0	1999	0	595199	543176	
3630000	0	0	0	1999	0	604143	543384	
3640000	0	0	0	2000	0	685359	543776	
3650000	0	0	0	2000	0	635807	543688	
3660000	0	0	0	2000	0	674352	543624	
3670000	0	0	0	1999	0	667668	543552	
3680000	0	0	0	2000	0	728312	543736	
3690000	0	0	0	2000	0	709958	543928	
3700000	0	0	0	2000	0	672702	543856	
3710000	0	0	0	2000	0	681688	543864	
3720000	0	0	0	2000	0	801548	543952	
3730000	0	0	0	2000	0	862677	543936	
3740000	0	0	0	2000	0	935077	543968	
3750000	0	0	0	1999	0	941162	543696	
3760000	0	0	0	2000	0	1133313	543992	
3770000	0	0	0	2000	0	1129199	543992	
3780000	0	0	0	2000	0	954659	543984	
3790000	0	0	0	2000	0	962559	543984	
3800000	0	0	0	2000	0	1220835	544000	
3810000	0	0	0	2000	0	1254677	544000	
3820000	0	0	0	2000	0	1139278	544000	
3830000	0	0	0	2000	0	1222835	544000	
3840000	0	0	0	2000	0	1255402	544000	
3850000	0	0	0	2000	0	1250180	543984	
3860000	0	0	0	2000	0	1417985	544000	
3870000	0	0	0	2000	0	1628185	544000	
3880000	0	0	0	2000	0	1511184	544000	
3890000	0	0	0	2000	0	1455382	544000	
3900000	0	0	0	2000	0	1489078	543984	
3910000	0	0	0	2000	0	1595952	543992	
3920000	0	0	0	2000	0	1693273	544000	
3930000	0	0	0	2000	0	1513064	544000	
3940000	0	0	0	2000	0	1675802	544000	
3950000	0	0	0	2000	0	1623915	544000	
3960000	0	0	0	2000	0	1481783	544000	
3970000	0	0	0	1709	0	1311576	464848	
3980000	0	0	0	2000	0	1613725	544000	
3990000	0	0	0	2000	0	1555279	543992	
4000000	0	0	0	2000	0	1379521	544000	
