1125208
1126090
1126308
1131364
1140839
1148393
1148450
1149457
1149944
1151173
1221707
1288703
1327486
1329546
1439563
1497648
1497653
1633514
1633526
1927519
1973831
1989394
2010910
2125351
2125357
2125370
2130177
2130193
2130833
2130876
2131155
2132393
2135724
2136121
2136126
2220303
2220371
2436104
2436112
2436117
2436119
2436121
2436128
2436132
2436140
2436142
2436145
2436150
2436152
2436162
2436168
2436171
2436173
2436193
2436197
2436212
2436217
2436219
2436224
2436236
2436241
2436250
2436255
2436265
2436267
2436269
2436273
2436277
2436289
2436295
2436338
2436348
2436357
2436365
2436388
2436391
2436461
2436474
2436492
2436508
2436512
2436517
2436519
2436529
2436537
2436543
2436561
2436564
2436566
2436578
2436583
2436591
2436600
2436605
2436610
2436613
2436632
2436641
2436646
2436649
2436652
2436655
2436663
2436666
2436672
2436682
2436698
2436700
2436714
2436724
2436728
2436739
2436740
2436743
2436749
2436756
2436765
2436775
2436798
2436802
2436830
2436874
2436900
2436903
2436909
2437030
2437034
2437043
2437046
2437050
2437121
2437134
2437138
2437142
2437157
2437168
2437171
2437173
2437176
2437181
2437183
2437216
2437218
2437234
2437240
2437252
2437288
2437298
2437304
2437307
2437318
2437325
2437395
2437407
2437434
2437481
2437535
2437540
2437582
2437592
2437595
2437598
2437603
2437619
2437631
2437633
2437645
2437650
2437658
2437667
2437672
2437679
2437685
2437702
2437713
2437721
2437725
2437729
2437731
2437732
2437735
2437801
2437803
2437820
2437823
2437827
2437832
2437837
2437857
2437875
2437877
2437934
2437947
2437964
2437978
2437981
2437992
2438016
2438021
2438027
2438054
2438167
2438188
2438196
2438205
2438217
2438230
2438238
2438242
2438256
2438263
2438274
2438276
2438280
2438383
2438388
2438411
2438438
2438532
2438948
2439083
2439192
2439697
2439703
2440139
2440159
2440238
2440294
2440835
2608034
3412551
3882684
3893571
3974330
4007532
4007566
4584554
4584565
5285234
5285241
5285325
5285510
5285547
5285553
5287146
5288110
5291327
5292080
5292081
5292082
5292083
5292084
5292085
5292086
5292087
5292089
5292092
5292093
5292094
5292095
5292096
5292097
5292099
5292100
5292102
5292104
5292105
5292106
5292107
5292108
5292109
5292112
5292113
5292114
5292116
5292118
5292120
5292121
5292122
5292124
5292126
5292129
5292130
5292131
5292132
5292135
5292136
5292142
5292145
5292147
5292148
5292149
5292157
5292159
5292162
5292163
5292164
5292165
5292168
5292169
5292171
5292172
5292173
5292174
5292179
5292180
5292185
5292187
5292188
5292189
5292193
5292196
5292198
5292202
5292207
5292225
5292227
5292228
5292233
5292234
5292235
5292236
5292237
5292240
5292241
5292242
5292243
5292247
5292251
5292254
5292255
5292256
5292257
5292260
5292262
5292265
5292266
5292272
5292278
5292280
5292282
5292292
5292294
5292299
5292304
5292305
5292308
5292309
5292310
5292312
5292313
5292319
5292321
5292323
5292326
5292330
5292331
5292332
5292333
5292337
5292338
5292340
5292345
5292351
5292356
5292358
5292361
5292366
5292367
5292369
5292379
5292382
5292386
5292387
5292388
5292393
5292401
5292407
5292408
5292412
5292418
5292420
5292422
5292425
5292426
5292428
5292431
5292432
5292433
5292439
5292449
5292450
5292455
5292458
5292463
5292464
5292470
5292480
5292482
5292503
5292504
5292506
5292511
5292516
5292524
5292526
5292532
5292535
5292537
5292540
5292545
5292547
5292548
5292550
5292553
5292564
5292573
5292576
5292583
5292590
5292598
5292610
5292611
5292616
5292636
5292651
5292657
5292662
5292664
5292666
5292669
5292693
5292696
5292699
5292706
5292709
5292715
5292716
5292717
5292718
5292719
5292721
5292724
5292726
5292728
5292731
5292732
5292734
5292737
5292739
5292741
5292742
5292750
5292752
5292764
5292771
5292773
5292777
5292781
5292784
5292798
5292801
5292805
5292811
5292815
5292822
5292832
5292833
5292835
5292838
5292839
5292845
5292851
5292858
5292861
5292881
5292894
5292896
5292904
5292908
5292919
5292926
5292933
5292934
5292942
5292943
5292945
5292952
5292957
5292959
5292963
5292968
5292973
5292981
5292986
5292989
5292992
5293001
5293011
5293017
5293025
5293028
5293044
5293045
5293046
5293050
5293055
5293058
5293065
5293074
5293075
5293078
5293083
5293084
5293086
5293088
5293089
5293092
5293107
5293117
5293126
5293129
5293132
5293136
5293139
5293147
5293172
5293175
5293189
5293195
5293198
5293203
5293207
5293213
5293214
5293216
5293217
5293221
5293222
5293236
5293237
5293245
5293250
5293271
5293272
5293292
5293293
5293299
5293317
5293327
5293336
5293339
5293340
5293347
5293353
5293356
5293359
5293365
5293372
5293373
5293378
5293392
5293395
5293396
5293397
5293399
5293400
5293402
5293404
5293405
5293406
5293422
5293423
5293425
5293433
5293439
5293440
5293444
5293445
5293449
5293451
5293459
5293463
5293464
5293466
5293469
5293474
5293478
5293483
5293486
5293489
5293495
5293497
5293498
5293500
5293502
5293505
5293506
5293508
5293509
5293510
5293511
5293512
5293513
5293519
5293527
5293529
5293531
5293532
5293533
5293535
5293541
5293542
5293543
5293544
5293545
5293547
5293548
5293552
5293556
5293561
5293568
5293569
5293575
5293576
5293578
5293581
5293585
5293586
5293587
5293588
5293589
5293600
5293606
5293607
5293608
5293611
5293615
5293623
5293630
5293643
5293644
5293648
5293650
5293653
5293655
5293656
5293659
5293661
5293662
5293664
5293666
5293668
5293673
5293675
5293677
5293678
5293680
5293683
5293685
5293686
5293689
5293690
5293693
5293704
5293705
5293707
5293716
5293719
5293725
5293727
5293728
5293731
5293733
5293739
5293745
5293746
5293751
5293752
5293753
5293755
5293756
5293764
5293768
5293769
5293772
5293773
5293775
5293776
5293781
5293783
5293784
5293786
5293788
5293793
5293795
5293796
5293801
5293802
5293803
5293809
5293810
5293815
5293817
5293821
5293825
5293831
5293834
5293837
5293841
5293842
5293843
5293846
5293848
5293849
5293850
5293851
5293856
5293864
5293870
5293879
5293880
5293886
5293899
5293900
5293902
5293905
5293912
5293924
5293932
5293933
5293934
5293941
5293943
5293946
5293947
5293950
5293952
5293953
5293955
5293956
5293960
5293971
5293972
5293975
5293976
5293978
5293980
5293981
5293994
5293997
5293998
5294002
5294003
5294008
5294011
5294014
5294015
5294019
5294025
5294031
5294034
5294036
5294037
5294038
5294041
5294043
5294045
5294053
5294056
5294059
5294060
5294062
5294066
5294078
5294080
5294081
5294084
5294085
5294092
5294095
5294102
5294104
5294105
5294106
5294107
5294108
5294111
5294119
5294126
5294138
5294145
5294168
5294173
5294178
5294183
5294184
5294196
5294197
5294200
5294201
5294203
5294205
5294207
5294210
5294213
5294223
5294246
5294250
5294252
5294254
5294257
5294261
5294264
5294268
5294269
5294277
5294280
5294283
5294303
5294305
5294343
5294357
5294359
5294363
5294367
5294368
5294373
5294384
5294387
5294395
5294402
5294404
5294406
5294412
5294417
5294422
5294429
5294432
5294434
5294451
5294457
5294476
5294492
5294502
5294511
5294513
5294516
5294523
5294536
5294537
5294540
5294545
5294554
5294561
5294564
5294580
5294581
5294584
5294586
5294597
5294609
5294612
5294616
5294628
5294635
5294641
5294663
5294667
5294670
5294689
5294690
5294692
5294695
5294698
5294722
5294737
5294745
5294749
5294754
5294759
5294762
5294764
5294770
5294776
5294777
5294787
5294792
5294813
5294818
5294821
5294827
5294857
5294865
5294867
5294883
5294890
5294899
5294907
5294916
5294923
5294930
5294934
5294935
5294941
5294951
5294956
5294966
5294968
5294977
5294978
5294987
5295022
5295023
5295028
5295061
5295073
5295077
5295078
5295079
5295080
5295084
5295096
5295104
5295109
5295118
5295126
5295147
5295149
5295151
5295183
5295190
5295193
5295200
5295201
5295204
5295206
5295208
5295212
5295223
5295225
5295226
5295230
5295233
5295234
5295251
5295253
5295267
5295275
5295281
5295309
5295310
5295317
5295328
5295330
5295331
5295334
5295337
5295343
5295345
5295346
5295360
5295379
5295394
5295419
5295424
5295434
5295435
5295436
5295441
5295448
5295449
5295456
5295457
5295463
5295488
5295493
5295498
5295504
5295507
5295510
5295513
5295515
5295516
5295530
5295543
5295554
5295556
5295560
5295568
5295570
5295572
5295573
5295574
5295576
5295577
5295581
5295582
5295586
5295589
5295590
5295591
5295592
5295602
5295604
5295605
5295607
5295612
5295613
5295615
5295616
5295618
5295620
5295623
5295629
5295631
5295636
5295638
5295640
5295641
5295643
5295653
5295673
5295679
5295683
5295693
5295700
5295703
5295716
5295717
5295721
5295723
5295732
5295734
5295739
5295744
5295762
5295764
5295770
5295772
5295783
5295787
5295788
5295790
5295803
5295805
5295809
5295812
5295815
5295824
5295825
5295826
5295829
5295830
5295835
5295836
5295837
5295845
5295861
5295863
5295869
5295896
5295904
5295911
5295915
5295920
5295921
5295924
5295927
5295928
5295931
5295935
5295938
5295940
5295943
5295945
5295946
5295947
5295952
5295966
5295979
5295983
5295986
5295987
5295990
5295991
5296006
5296008
5296021
5296027
5296028
5296029
5296034
5296038
5296072
5296080
5296081
5296091
5296098
5296102
5296106
5296119
5296127
5296131
5296138
5296144
5296150
5296168
5296192
5296195
5296196
5296212
5296222
5296232
5296253
5296255
5296261
5296262
5296269
5296273
5296275
5296278
5296283
5296289
5296293
5296294
5296312
5296313
5296323
5296327
5296339
5296342
5296350
5296370
5296371
5296374
5296383
5296397
5296399
5296400
5296402
5296403
5296407
5296412
5296417
5296447
5296448
5296459
5296481
5296509
5296510
5296513
5296522
5296531
5296540
5296542
5296543
5296564
5296578
5296580
5296583
5296651
5296656
5296673
5296678
5296687
5296698
5296700
5296703
5296705
5296717
5296736
5296740
5296749
5296766
5296767
5296782
5296785
5296786
5296788
5296790
5296794
5296812
5296814
5296827
5296830
5296831
5296838
5296859
5296872
5296878
5296881
5296885
5296900
5296903
5296914
5296921
5296926
5296930
5296933
5296937
5296941
5296942
5296950
5296951
5296956
5296973
5296975
5296982
5296986
5296989
5296991
5297002
5297030
5297033
5297037
5297056
5297058
5297062
5297067
5297082
5297093
5297099
5297112
5297126
5297127
5297129
5297134
5297142
5297151
5297163
5297166
5297167
5297185
5297201
5297211
5297220
5297266
5297269
5297296
5297297
5297300
5297303
5297311
5297314
5297334
5297345
5297353
5297356
5297359
5297362
5297364
5297370
5297371
5297373
5297423
5297435
5297446
5297485
5297507
5297516
5297518
5297523
5297531
5297544
5297552
5297569
5297571
5297587
5297600
5297614
5297620
5297621
5297623
5297629
5297640
5297651
5297655
5297667
5297668
5297686
5297702
5297710
5297763
5297770
5297780
5297786
5297798
5297806
5297810
5297827
5297835
5297859
5297868
5297877
5297897
5297899
5297913
5297921
5297923
5297935
5297937
5297947
5297949
5297959
5297998
5426323
988784
988840
994800
