
988725
988728
988732
988733
988737
988752
988775
988781
988783
988784
988831
988838
988840
988850
988949
988957
988961
988966
988970
988972
988982
988986
989042
989198
989332
989345
992893
994377
994542
994800
997079
1014512
1016810
1017545
1044737
1055860
1079183
1097821
1100002
1100282
1100283
1115023
1117037
1118595
1119952
1120743
1120759
1123616
1124028
1124085
1124203
1124936
1125164
1125208
1126090
1126308
1126338
1126536
1126547
1126568
1126896
1127074
1127105
1127187
1127191
1127205
1127983
1129597
1129684
1129739
1131259
1131364
1133053
1138732
1139312
1139430
1140063
1140839
1142005
1142010
1142017
1142024
1142180
1142633
1143130
1144426
1144581
1144588
1144754
1144778
1145194
1145263
1145423
1145434
1145776
1145807
1145857
1145899
1146407
1146737
1146810
1146841
1146937
1147092
1147379
1148343
1148348
1148353
1148364
1148393
1148450
1148659
1149094
1149184
1149457
1149944
1150625
1150684
1150983
1151173
1151577
1151840
1152983
1153896
1154169
1159648
1161302
1162339
1162395
1165405
1166012
1166491
1166620
1166629
1167799
1168585
1168849
1172222
1172314
1172333
1172945
1173844
1176098
1178108
1178425
1180975
1181089
1184244
1186200
1186206
1186210
1186224
1186229
1186232
1188599
1199205
1199245
1209240
1209534
1211176
1211210
1211216
1211232
1211628
1211633
1211637
1212588
1216649
1219676
1220785
1221636
1221707
1230820
1232433
1243252
1244020
1244657
1245687
1245737
1245770
1246031
1246117
1246438
1247135
1247993
1248011
1248042
1253580
1253742
1254206
1254213
1254244
1254248
1254361
1254656
1254663
1255873
1256206
1256974
1256982
1257047
1257349
1258095
1259252
1259329
1259335
1260168
1260244
1260318
1260359
1261574
1263661
1263756
1263999
1264838
1282445
1285331
1288686
1288703
1291118
1293749
1294887
1299889
1301197
1302939
1303667
1303699
1306956
1307122
1318891
1325879
1327486
1327902
1329546
1330392
1330562
1342364
1342369
1353394
1354856
1356030
1362270
1363849
1367824
1367956
1368038
1369248
1373497
1391452
1391576
1392706
1410488
1411297
1414085
1415579
1416999
1418420
1431171
1432228
1433130
1433382
1433782
1434022
1434233
1435350
1435684
1435875
1435884
1437777
1439034
1439160
1439443
1439563
1441657
1443624
1445523
1446901
1450315
1451546
1453026
1453391
1453449
1453484
1454889
1455378
1456004
1459869
1463916
1464200
1469006
1477569
1478460
1480567
1481905
1481929
1481943
1482503
1486400
1488075
1488243
1488657
1488686
1489195
1490087
1492224
1492253
1494495
1494497
1497648
1497653
1498170
1498178
1498190
1499071
1500070
1502815
1503136
1505693
1505836
1505986
1508655
1508917
1511750
1513941
1514209
1514891
1515225
1516022
1516162
1516173
1518551
1519658
1525833
1529096
1530095
1534414
1539156
1541740
1541911
1544950
1548536
1549507
1552557
1558765
1565378
1566982
1568089
1571529
1573226
1583461
1590339
1591993
1593664
1593855
1594730
1595569
1595577
1595594
1595620
1596898
1597598
1600652
1600869
1600892
1600912
1602624
1602969
1603016
1605357
1607077
1610777
1619733
1633514
1633526
1633789
1639012
1642340
1642408
1642972
1643525
1648985
1649621
1665686
1668935
1668961
1669851
1674605
1674607
1676296
1677884
1681612
1681617
1685056
1687118
1687529
1691415
1691521
1693468
1705892
1715865
1719103
1719187
1722943
1731809
1734294
1742161
1743159
1749309
1757855
1757895
1757965
1763418
1764392
1764396
1764436
1764457
1765966
1769824
1769830
1771232
1775926
1777261
1781621
1790084
1790877
1802252
1804023
1837952
1837953
1854798
1856924
1879516
1880663
1890484
1891507
1915484
1920914
1923545
1927244
1927378
1927394
1927408
1927514
1927519
1928008
1928109
1928278
1928544
1928565
1928859
1928884
1928888
1929176
1930458
1931034
1931083
1931140
1931144
1931156
1933093
1933357
1933537
1933639
1933718
1934091
1934800
1935405
1936979
1940095
1940413
1940919
1940942
1944173
1944426
1945745
1945845
1945926
1946547
1947933
1949193
1949206
1949211
1949218
1949221
1949262
1950652
1952973
1956283
1956284
1956519
1956700
1956871
1957307
1957311
1957870
1957991
1961401
1962777
1962974
1963640
1963655
1964056
1967400
1967593
1967598
1967604
1967940
1968157
1971331
1972244
1972695
1973400
1973683
1973730
1973831
1973985
1974237
1975154
1975188
1975202
1975208
1975249
1975909
1976508
1978986
1981118
1981387
1981697
1982620
1984490
1984663
1985359
1985366
1985765
1989394
1997350
2002017
2002317
2003782
2003810
2003821
2003831
2006501
2006594
2010910
2011539
2012176
2012246
2012300
2012306
2020654
2022524
2028461
2030173
2030176
2034143
2036078
2036254
2037275
2038334
2048377
2048381
2048385
2048388
2051431
2054669
2056352
2057214
2057262
2057329
2084081
2090294
2104751
2120902
2124948
2125351
2125357
2125370
2130177
2130193
2130647
2130653
2130833
2130876
2131155
2132393
2133560
2133575
2135724
2136121
2136126
2149916
2150073
2163810
2186256
2189146
2189655
2193806
2195790
2196302
2206119
2211994
2212171
2217081
2220303
2220371
2221782
2225723
2230561
2234007
2234971
2239273
2244599
2244797
2246520
2251286
2252140
2252519
2260757
2260774
2260797
2260807
2260825
2265161
2267831
2267860
2275464
2275484
2275509
2275822
2278982
2285651
2292120
2293319
2293338
2294940
2296770
2306338
2308452
2309734
2310327
2313009
2314630
2316249
2319330
2322349
2336632
2367016
2372398
2372553
2372573
2374946
2376329
2383343
2383423
2383844
2383856
2385418
2387129
2393806
2393843
2406031
2415405
2416426
2428642
2453273
2453274
2453277
2463187
2463211
2463386
2464516
2464522
2464545
2466780
2466847
2468169
2468204
2469517
2469829
2474979
2480478
2480500
2480539
2482114
2483081
2488908
2501522
2502248
2511019
2517183
2518842
2527738
2528539
2535323
2538850
2540949
2555844
2555954
2561113
2562852
2567029
2567618
2571467
2572550
2576215
2583413
2591689
2603562
2606592
2607744
2616544
2620473
2620494
2623768
2642580
2659897
2670834
2674979
2676446
2676461
2676480
2676972
2677671
2681770
2682648
2684664
2684706
2693435
2693523
2693576
2702643
2708161
2713213
2715998
2716735
2721208
2725090
2732034
2748018
2749801
2749984
2766128
2771410
2771779
2785295
2795524
2796357
2798473
2807755
2814559
2819096
2819113
2821967
2821990
2825255
2825295
2825370
2825688
2825694
2831920
2833710
2841677
2845968
2851634
2851647
2851656
2851666
2864492
2871843
2871855
2881084
2891504
2891511
2919743
2935602
2946453
2946465
2946475
2946480
2952659
2953528
2953545
2964241
2971849
2988130
2999247
2999613
3006702
3031182
3037348
3037357
3038515
3038523
3038742
3038773
3042629
3048327
3048330
3058309
3059272
3061963
3063995
3064059
3064093
3064106
3064209
3078767
3086808
3086849
3091304
3104847
3120085
3122233
3122238
3122263
3122291
3122731
3126286
3128229
3128249
3128262
3128324
3133878
3133908
3143491
3147870
3154100
3155030
3170298
3172963
3179414
3183263
3187926
3188881
3189825
3190402
3202473
3231350
3237399
3243148
3243955
3243966
3249819
3252003
3255789
3259589
3270366
3272873
3274337
3291501
3294048
3294446
3294448
3294461
3295029
3295779
3295882
3297779
3299285
3327623
3332520
3332531
3332548
3332648
3334035
3334270
3334301
3334317
3342746
3342792
3342815
3343167
3343543
3343554
3343560
3343571
3343589
3349010
3351244
3357470
3357486
3357523
3357788
3358689
3358708
3360184
3360203
3361648
3361667
3362030
3364348
3368685
3368999
3369899
3378696
3382855
3383438
3383523
3383536
3383576
3390042
3392735
3393275
3394814
3395909
3395924
3398863
3398868
3398932
3399780
3409023
3409044
3409073
3409089
3411637
3412436
3412447
3412551
3413972
3413983
3414062
3414541
3415519
3415919
3415960
3419413
3421457
3421969
3428317
3428322
3429450
3429948
3430175
3434135
3435058
3435723
3440732
3442922
3444336
3446054
3447607
3458997
3459466
3459554
3459597
3460596
3466473
3468622
3471597
3471872
3480240
3485222
3485241
3485254
3485375
3485385
3487261
3487273
3494123
3494763
3494880
3495077
3495577
3498527
3507224
3507699
3514722
3518027
3518956
3531528
3538776
3542010
3548286
3552467
3557103
3560554
3560723
3560910
3561019
3566974
3576719
3576731
3584192
3586222
3586236
3586241
3597974
3599420
3601396
3604050
3605020
3609453
3611285
3611312
3611320
3611349
3618473
3622291
3628373
3628391
3628401
3628409
3628424
3628467
3641554
3643856
3643971
3644185
3645825
3645830
3645869
3645874
3645880
3645887
3645900
3646047
3646055
3646092
3646460
3646976
3647480
3649025
3650186
3650204
3654795
3657380
3658093
3660374
3660434
3661960
3675327
3675357
3675844
3675853
3675867
3677037
3677189
3678275
3680913
3683170
3684196
3684208
3684227
3684818
3687421
3694208
3702546
3702756
3707060
3710331
3710867
3711061
3713069
3713803
3713853
3715788
3721423
3721486
3721496
3721596
3722136
3722488
3722959
3727370
3728485
3728996
3729006
3729841
3733598
3735198
3735201
3739333
3743265
3748163
3748188
3748987
3748994
3752456
3752522
3754104
3754582
3754925
3754930
3755607
3756776
3756895
3756908
3756962
3756982
3760660
3760669
3762711
3762717
3762725
3767940
3769431
3776582
3778437
3778464
3781683
3781736
3782814
3787264
3788012
3788503
3789456
3792032
3793530
3793569
3794971
3802949
3803981
3804287
3806954
3810884
3815080
3815136
3817387
3817749
3817793
3821212
3821224
3827203
3827492
3829426
3830940
3832351
3835157
3837119
3840526
3842488
3846016
3846053
3847942
3851324
3854632
3854635
3854652
3858579
3858815
3858971
3859001
3861495
3864425
3865844
3867175
3867735
3868123
3871791
3871826
3874307
3877108
3877127
3878556
3878792
3878916
3878945
3879016
3879630
3882487
3882684
3882776
3882785
3883445
3883955
3884123
3884201
3885971
3887979
3892548
3892550
3893571
3902328
3902631
3902690
3902697
3904997
3906333
3906336
3909735
3911938
3913712
3914862
3916226
3918668
3919630
3919886
3920094
3921086
3921096
3923710
3924418
3929951
3932054
3934653
3934689
3937206
3938625
3940450
3942431
3951432
3951492
3953393
3953968
3954048
3954741
3956351
3957869
3957943
3959422
3959449
3960382
3960453
3964201
3964230
3965023
3965048
3965062
3970830
3973352
3973413
3974330
3974614
3974624
3977970
3979080
3979084
3979228
3979231
3979244
3979309
3979679
3980683
3981199
3984154
3984179
3984184
3984189
3984212
3984230
3984232
3984240
3984251
3984254
3984261
3984263
3984267
3984270
3984281
3984288
3984294
3984298
3984299
3984359
3984362
3984367
3984379
3984384
3984386
3984447
3984453
3984454
3984456
3984457
3984458
3984465
3984469
3984470
3984477
3987114
3987908
3989973
3990037
3991183
3993315
3997482
4001694
4007518
4007529
4007532
4007551
4007557
4007558
4007566
4007594
4007596
4007603
4008903
4009882
4013135
4014157
4014325
4014350
4014399
4025286
4026305
4029283
4029702
4029783
4032044
4035575
4043272
4043531
4045085
4048809
4048834
4048845
4048865
4048885
4049481
4054581
4057603
4058046
4060693
4063366
4073098
4073531
4074180
4075425
4077834
4078046
4080519
4080593
4086527
4086553
4087950
4095472
4101080
4101084
4103704
4103771
4104323
4105454
4107365
4108553
4111950
4113868
4116008
4116017
4116387
4116511
4118280
4120016
4120208
4120580
4121251
4123113
4126076
4129025
4129046
4132231
4136875
4138069
4140953
4142324
4145369
4146290
4151019
4153298
4153467
4158219
4158446
4158536
4161967
4162803
4163903
4167024
4167107
4167113
4167441
4168493
4169024
4169669
4169677
4169757
4170337
4173450
4176851
4179781
4186576
4186580
4188370
4193900
4203793
4211926
4215179
4215972
4217886
4223519
4224106
4227620
4228908
4229683
4233284
4235428
4235440
4236964
4240413
4240584
4241788
4241979
4249607
4252702
4260156
4260220
4263726
4264644
4264691
4264733
4264756
4264774
4265088
4265414
4266397
4267051
4267356
4268480
4269713
4269831
4279643
4284480
4286515
4286966
4289016
4289373
4289375
4289636
4289644
4289689
4290744
4295138
4297665
4297681
4298246
4298805
4299241
4299246
4300497
4300895
4301873
4302702
4303393
4306384
4309684
4309854
4309856
4309857
4309860
4312024
4313732
4313813
4313844
4313892
4314096
4322180
4327209
4329107
4329113
4329118
4329137
4329153
4329175
4329181
4331251
4334923
4337298
4337312
4339830
4344314
4345027
4345121
4345226
4345231
4345241
4347399
4349643
4353892
4354780
4355572
4356118
4356125
4356142
4356194
4357353
4357846
4357849
4358085
4358368
4361277
4365251
4370079
4370202
4370998
4372206
4375389
4375935
4393366
4411035
4413372
4417519
4417577
4425650
4426756
4426757
4430705
4431469
4434827
4436873
4446472
4449046
4450762
4450767
4456168
4458506
4462235
4463729
4466058
4474070
4488914
4489840
4490066
4491323
4491350
4513683
4513685
4513697
4513703
4513708
4513713
4513724
4516800
4522085
4536198
4546208
4546212
4552326
4552634
4552903
4553793
4558555
4565940
4566513
4567693
4570467
4574646
4584554
4584565
4584608
4585551
4585943
4586850
4587029
4587902
4591594
4595110
4606016
4606022
4611300
4620660
4622846
4625407
4627866
4628090
4629577
4630794
4631666
4632312
4633372
4640232
4640336
4641936
4642742
4642758
4644286
4644331
4644358
4644620
4644686
4644794
4647543
4647697
4647804
4648603
4649887
4650002
4650132
4650155
4650319
4650952
4651160
4651323
4651348
4651401
4651453
4651598
4655334
4656721
4660191
4660612
4660902
4660921
4661386
4661684
4661851
4672262
4673846
4673866
4675870
4681905
4682870
4692868
4697066
4703354
4705807
4707792
4710450
4710533
4714362
4716961
4721596
4725119
4725652
4741374
4744575
4745707
4746224
4747771
4748148
4751838
4756232
4756563
4757523
4757757
4762183
4764873
4770669
4770702
4772856
4774833
4774839
4779619
4780757
4788894
4789685
4797039
4799799
4801492
4816598
4817430
4818903
4822611
4828246
4829820
4830780
4831357
4836006
4837831
4843444
4844536
4845241
4845667
4845786
4853082
4853111
4858783
4867866
4869143
4869260
4869368
4870322
4870745
4872254
4875604
4876049
4883495
4884479
4887169
4890583
4892227
4896459
4896507
4896523
4897421
4899456
4900050
4908083
4908738
4913397
4918813
4928988
4938935
4944965
4949405
4949862
4954585
4970243
4974722
4976971
4978515
4982400
4985721
4987256
4987876
4991541
4993346
5006312
5009957
5014013
5015885
5017264
5027542
5029483
5032375
5038880
5044438
5047951
5052542
5065651
5065659
5065721
5067112
5070728
5073478
5074250
5075180
5076767
5080804
5082109
5114236
5114931
5118434
5124257
5130564
5130726
5131374
5131640
5131657
5131670
5136552
5137369
5137420
5143261
5147861
5148770
5154802
5164188
5179106
5182627
5185562
5191292
5194655
5194673
5194689
5198237
5200453
5200656
5212740
5214186
5218162
5218883
5228539
5239540
5248544
5254666
5256948
5257019
5257916
5258784
5259202
5260077
5270685
5275320
5278446
5283557
5285234
5285241
5285325
5285422
5285510
5285547
5285553
5285885
5287146
5288110
5291327
5292080
5292081
5292082
5292083
5292084
5292085
5292086
5292087
5292089
5292092
5292093
5292094
5292095
5292096
5292097
5292099
5292100
5292102
5292104
5292105
5292106
5292107
5292108
5292109
5292112
5292113
5292114
5292116
5292118
5292120
5292121
5292122
5292124
5292126
5292129
5292130
5292131
5292132
5292135
5292136
5292142
5292145
5292147
5292148
5292149
5292157
5292159
5292162
5292163
5292164
5292165
5292168
5292169
5292171
5292172
5292173
5292174
5292179
5292180
5292185
5292187
5292188
5292189
5292193
5292196
5292198
5292202
5292207
5292225
5292227
5292228
5292233
5292234
5292235
5292236
5292237
5292240
5292241
5292242
5292243
5292247
5292251
5292254
5292255
5292256
5292257
5292260
5292262
5292265
5292266
5292272
5292278
5292280
5292282
5292292
5292294
5292299
5292304
5292305
5292308
5292309
5292310
5292312
5292313
5292319
5292321
5292323
5292326
5292330
5292331
5292332
5292333
5292337
5292338
5292340
5292345
5292351
5292356
5292358
5292361
5292366
5292367
5292369
5292379
5292382
5292386
5292387
5292388
5292393
5292401
5292407
5292408
5292412
5292418
5292420
5292422
5292425
5292426
5292428
5292431
5292432
5292433
5292439
5292449
5292450
5292455
5292458
5292463
5292464
5292470
5292480
5292482
5292503
5292504
5292506
5292511
5292516
5292524
5292526
5292532
5292535
5292537
5292540
5292545
5292547
5292548
5292550
5292553
5292564
5292573
5292576
5292583
5292590
5292598
5292610
5292611
5292616
5292636
5292651
5292657
5292662
5292664
5292666
5292669
5292693
5292696
5292699
5292706
5292709
5292715
5292716
5292717
5292718
5292719
5292721
5292724
5292726
5292728
5292731
5292732
5292734
5292737
5292739
5292741
5292742
5292750
5292752
5292764
5292771
5292773
5292777
5292781
5292784
5292798
5292801
5292805
5292811
5292815
5292822
5292832
5292833
5292835
5292838
5292839
5292845
5292851
5292858
5292861
5292881
5292894
5292896
5292904
5292908
5292919
5292926
5292933
5292934
5292942
5292943
5292945
5292952
5292957
5292959
5292963
5292968
5292973
5292981
5292986
5292989
5292992
5293001
5293011
5293017
5293025
5293028
5293044
5293045
5293046
5293050
5293055
5293058
5293065
5293074
5293075
5293078
5293083
5293084
5293086
5293088
5293089
5293092
5293107
5293117
5293126
5293129
5293132
5293136
5293139
5293147
5293172
5293175
5293189
5293195
5293198
5293203
5293207
5293213
5293214
5293216
5293217
5293221
5293222
5293236
5293237
5293245
5293250
5293271
5293272
5293292
5293293
5293299
5293317
5293327
5293336
5293339
5293340
5293347
5293353
5293356
5293359
5293365
5293372
5293373
5293378
5293392
5293395
5293396
5293397
5293399
5293400
5293402
5293404
5293405
5293406
5293422
5293423
5293425
5293433
5293439
5293440
5293444
5293445
5293449
5293451
5293459
5293463
5293464
5293466
5293469
5293474
5293478
5293483
5293486
5293489
5293495
5293497
5293498
5293500
5293502
5293505
5293506
5293508
5293509
5293510
5293511
5293512
5293513
5293519
5293527
5293529
5293531
5293532
5293533
5293535
5293541
5293542
5293543
5293544
5293545
5293547
5293548
5293552
5293556
5293561
5293568
5293569
5293575
5293576
5293578
5293581
5293585
5293586
5293587
5293588
5293589
5293600
5293606
5293607
5293608
5293611
5293615
5293623
5293630
5293643
5293644
5293648
5293650
5293653
5293655
5293656
5293659
5293661
5293662
5293664
5293666
5293668
5293673
5293675
5293677
5293678
5293680
5293683
5293685
5293686
5293689
5293690
5293693
5293704
5293705
5293707
5293716
5293719
5293725
5293727
5293728
5293731
5293733
5293739
5293745
5293746
5293751
5293752
5293753
5293755
5293756
5293764
5293768
5293769
5293772
5293773
5293775
5293776
5293781
5293783
5293784
5293786
5293788
5293793
5293795
5293796
5293801
5293802
5293803
5293809
5293810
5293815
5293817
5293821
5293825
5293831
5293834
5293837
5293841
5293842
5293843
5293846
5293848
5293849
5293850
5293851
5293856
5293864
5293870
5293879
5293880
5293886
5293899
5293900
5293902
5293905
5293912
5293924
5293932
5293933
5293934
5293941
5293943
5293946
5293947
5293950
5293952
5293953
5293955
5293956
5293960
5293971
5293972
5293975
5293976
5293978
5293980
5293981
5293994
5293997
5293998
5294002
5294003
5294008
5294011
5294014
5294015
5294019
5294025
5294031
5294034
5294036
5294037
5294038
5294041
5294043
5294045
5294053
5294056
5294059
5294060
5294062
5294066
5294078
5294080
5294081
5294084
5294085
5294092
5294095
5294102
5294104
5294105
5294106
5294107
5294108
5294111
5294119
5294126
5294138
5294145
5294168
5294173
5294178
5294183
5294184
5294196
5294197
5294200
5294201
5294203
5294205
5294207
5294210
5294213
5294223
5294246
5294250
5294252
5294254
5294257
5294261
5294264
5294268
5294269
5294277
5294280
5294283
5294303
5294305
5294343
5294357
5294359
5294363
5294367
5294368
5294373
5294384
5294387
5294395
5294402
5294404
5294406
5294412
5294417
5294422
5294429
5294432
5294434
5294451
5294457
5294476
5294492
5294502
5294511
5294513
5294516
5294523
5294536
5294537
5294540
5294545
5294554
5294561
5294564
5294580
5294581
5294584
5294586
5294597
5294609
5294612
5294616
5294628
5294635
5294641
5294663
5294667
5294670
5294689
5294690
5294692
5294695
5294698
5294722
5294737
5294745
5294749
5294754
5294759
5294762
5294764
5294770
5294776
5294777
5294787
5294792
5294813
5294818
5294821
5294827
5294857
5294865
5294867
5294883
5294890
5294899
5294907
5294916
5294923
5294930
5294934
5294935
5294941
5294951
5294956
5294966
5294968
5294977
5294978
5294987
5295022
5295023
5295028
5295061
5295073
5295077
5295078
5295079
5295080
5295084
5295096
5295104
5295109
5295118
5295126
5295147
5295149
5295151
5295183
5295190
5295193
5295200
5295201
5295204
5295206
5295208
5295212
5295223
5295225
5295226
5295230
5295233
5295234
5295251
5295253
5295267
5295275
5295281
5295309
5295310
5295317
5295328
5295330
5295331
5295334
5295337
5295343
5295345
5295346
5295360
5295379
5295394
5295419
5295424
5295434
5295435
5295436
5295441
5295448
5295449
5295456
5295457
5295463
5295488
5295493
5295498
5295504
5295507
5295510
5295513
5295515
5295516
5295530
5295543
5295554
5295556
5295560
5295568
5295570
5295572
5295573
5295574
5295576
5295577
5295581
5295582
5295586
5295589
5295590
5295591
5295592
5295602
5295604
5295605
5295607
5295612
5295613
5295615
5295616
5295618
5295620
5295623
5295629
5295631
5295636
5295638
5295640
5295641
5295643
5295653
5295673
5295679
5295683
5295693
5295700
5295703
5295716
5295717
5295721
5295723
5295732
5295734
5295739
5295744
5295762
5295764
5295770
5295772
5295783
5295787
5295788
5295790
5295803
5295805
5295809
5295812
5295815
5295824
5295825
5295826
5295829
5295830
5295835
5295836
5295837
5295845
5295861
5295863
5295869
5295896
5295904
5295911
5295915
5295920
5295921
5295924
5295927
5295928
5295931
5295935
5295938
5295940
5295943
5295945
5295946
5295947
5295952
5295966
5295979
5295983
5295986
5295987
5295990
5295991
5296006
5296008
5296021
5296027
5296028
5296029
5296034
5296038
5296072
5296080
5296081
5296091
5296098
5296102
5296106
5296119
5296127
5296131
5296138
5296144
5296150
5296168
5296192
5296195
5296196
5296212
5296222
5296232
5296253
5296255
5296261
5296262
5296269
5296273
5296275
5296278
5296283
5296289
5296293
5296294
5296312
5296313
5296323
5296327
5296339
5296342
5296350
5296370
5296371
5296374
5296383
5296397
5296399
5296400
5296402
5296403
5296407
5296412
5296417
5296447
5296448
5296459
5296481
5296509
5296510
5296513
5296522
5296531
5296540
5296542
5296543
5296564
5296578
5296580
5296583
5296624
5296651
5296656
5296673
5296678
5296687
5296698
5296700
5296703
5296705
5296717
5296736
5296740
5296749
5296766
5296767
5296782
5296785
5296786
5296788
5296790
5296794
5296812
5296814
5296827
5296830
5296831
5296838
5296859
5296872
5296878
5296881
5296885
5296900
5296903
5296914
5296921
5296926
5296930
5296933
5296937
5296941
5296942
5296950
5296951
5296956
5296973
5296975
5296982
5296986
5296989
5296991
5297002
5297030
5297033
5297037
5297056
5297058
5297062
5297067
5297082
5297093
5297099
5297112
5297126
5297127
5297129
5297134
5297142
5297151
5297163
5297166
5297167
5297185
5297201
5297211
5297220
5297266
5297269
5297296
5297297
5297300
5297303
5297311
5297314
5297334
5297345
5297353
5297356
5297359
5297362
5297364
5297370
5297371
5297373
5297423
5297435
5297446
5297485
5297507
5297516
5297518
5297523
5297531
5297544
5297552
5297569
5297571
5297587
5297600
5297614
5297620
5297621
5297623
5297629
5297640
5297651
5297655
5297667
5297668
5297686
5297702
5297710
5297763
5297770
5297780
5297786
5297798
5297806
5297810
5297827
5297835
5297859
5297868
5297877
5297897
5297899
5297913
5297921
5297923
5297935
5297937
5297947
5297949
5297959
5297998
5301047
5302162
5302908
5321978
5326366
5327837
5333114
5334449
5336298
5338873
5344886
5345315
5349911
5361007
5364426
5365044
5368505
5369359
5384068
5385120
5385140
5386324
5390840
5399105
5404353
5413382
5414063
5418753
5419360
5423055
5423340
5426323
5446730
5450970
5472132
5472433
5474166
5487962
5491355
5492971
5507010
5512842
5531918
5536964
5538642
5545586
5555665
5584878
5595309
5596336
5597063
5604932
5607321
5609180
5609193
5614095
5627213
5636014
5637795
5646782
5646897
5658435
5660400
5674863
5677183
5677683
5702717
5715418
5720080
5721310
5726963
5730374
5750316
5750700
5766616
5773066
5773077
5782669
5784531
5788692
5789560
5798804
5799218
5803463
5823913
5840089
5851640
5854072
5858348
5859073
5863145
5863230
5866289
5871365
5873279
5873413
5903467
5908891
5910759
5914705
5928044
5929018
5934712
5934734
5990026
5993524
5994167
5994199
6012008
6016847
6027715
6031042
6035331
6036016
6036873
6038373
6038663
6040354
6046527
6057057
6057296
