4448139
4448156
4448192
4448262
4448283
4448330
4448408
4448424
4453386
4459995
4464618
4464626
4489567
4569189
4574140
4574948
4583049
4585637
4589598
4599275
4600802
4605922
4625977
4625985
4625994
4626006
4626655
4638270
4651553
4652006
4652028
4656284
4656291
4704067
4716379
4751332
4761767
4762314
4783935
4804277
4808381
4817674
4824693
4860379
4860389
4892100
4898395
4917468
4941818
4942970
4961111
4961130
4961137
5060264
5077198
5081481
5142559
5143717
5143724
5145517
5169275
5184102
5184752
5192633
5220816
5245171
5322189
5339701
5339716
5339725
5339765
5340544
5345832
5345902
5417304
5417310
5421604
5421717
5421726
5421733
5421743
5421748
5421759
5428226
5429317
5482614
5482632
5497917
5571795
5579845
5579850
5579877
5579885
5580613
5585616
5618434
5631459
5631656
5631905
5631926
5631977
5631980
5632010
5632015
5632315
5632646
5635115
5635654
5636287
5637060
5637504
5637523
5637913
5639052
5643258
5646599
5660757
5670495
5670529
5670642
5685580
5690758
5690953
5696661
5704646
5705077
5705210
5714193
5715319
5727585
5734052
5760880
5776990
5798384
5876329
5879038
5899657
5930278
5973700
5974692
5989241
5996948
