4448139
4448139
4448156
4448156
4448156
4448156
4448156
4448156
4448156
4448156
4448192
4448192
4448192
4448192
4448192
4448192
4448262
4448262
4448262
4448262
4448262
4448262
4448262
4448262
4448262
4448283
4448283
4448283
4448283
4448283
4448283
4448330
4448330
4448401
4448401
4448408
4448408
4448408
4448424
4448424
4453386
4453386
4453386
4459995
4459995
4459995
4462252
4462252
4462252
4462252
4462252
4462252
4462252
4462267
4462267
4462278
4462278
4464618
4464618
4464618
4464626
4464626
4464626
4468703
4468703
4489567
4489567
4489567
4498752
4498752
4498752
4569189
4574140
4574948
4583049
4585637
4589598
4599275
4600802
4605922
4625977
4625985
4625985
4625994
4625994
4626006
4626006
4626655
4626655
4626655
4638270
4638270
4638270
4651553
4651553
4651553
4651553
4651553
4651553
4651553
4651553
4651553
4651553
4651553
4651553
4651553
4652006
4652028
4652028
4652028
4656284
4656291
4656291
4704067
4704067
4704067
4716379
4716379
4716379
4751332
4751332
4761767
4761767
4761767
4762314
4774716
4774716
4783935
4783935
4783935
4804277
4804277
4804277
4808381
4808381
4808381
4815504
4815506
4815529
4815529
4815535
4815535
4815539
4815549
4815611
4817674
4817674
4817674
4824693
4824693
4824693
4851458
4851458
4860379
4860389
4892100
4898395
4913042
4917468
4917468
4917468
4941818
4941818
4941818
4942970
4960910
4961111
4961111
4961130
4961130
4961137
4961137
4961137
4987203
4987203
5060264
5060264
5060264
5077198
5077198
5077198
5081481
5081481
5081481
5142559
5142559
5142559
5143717
5143717
5143717
5143724
5143724
5143724
5145517
5145517
5145517
5162576
5169275
5169275
5184102
5184102
5184102
5184546
5184546
5184752
5184752
5192633
5192633
5192633
5220816
5220816
5220816
5245171
5264092
5264092
5322189
5322189
5322189
5328699
5328699
5339701
5339701
5339716
5339716
5339725
5339725
5339765
5339765
5339765
5340544
5340544
5340544
5345832
5345832
5345832
5345902
5345902
5345902
5370384
5370384
5370384
5370384
5370384
5370384
5370384
5370384
5370384
5417304
5417304
5417310
5417310
5421604
5421604
5421604
5421717
5421717
5421717
5421726
5421726
5421726
5421733
5421733
5421743
5421743
5421743
5421748
5421748
5421748
5421759
5421759
5421759
5428226
5428226
5428226
5429317
5429317
5429317
5464041
5464041
5465880
5465880
5482614
5482614
5482614
5482632
5482632
5482632
5497917
5497917
5497917
5507010
5507010
5507010
5507010
5533038
5533038
5570794
5570794
5571211
5571211
5571510
5571510
5571530
5571552
5571552
5571563
5571563
5571712
5571712
5571712
5571712
5571712
5571712
5571712
5571712
5571712
5571795
5571795
5571795
5579845
5579850
5579850
5579877
5579885
5579885
5579885
5580613
5580613
5580613
5585616
5585616
5585616
5597785
5597785
5597785
5597785
5600588
5618434
5618434
5618434
5631459
5631459
5631459
5631656
5631656
5631656
5631905
5631905
5631905
5631926
5631926
5631926
5631977
5631977
5631977
5631980
5631980
5631980
5631980
5631980
5631980
5632010
5632010
5632010
5632015
5632015
5632015
5632315
5632315
5632315
5632646
5632646
5632646
5635115
5635115
5635115
5635654
5635654
5635654
5636287
5636287
5636287
5637060
5637060
5637060
5637504
5637504
5637504
5637523
5637523
5637523
5637913
5637913
5637913
5639052
5639052
5639052
5643258
5643258
5643258
5645054
5645054
5645059
5645059
5645070
5645070
5645117
5645117
5645120
5645120
5645125
5645535
5645535
5645564
5645576
5646599
5646599
5646599
5646691
5646691
5646691
5660386
5660386
5660386
5660757
5660757
5660757
5670495
5670495
5670495
5670529
5670642
5670642
5670642
5685580
5685580
5685580
5687482
5687507
5690758
5690953
5690953
5690953
5696661
5696661
5696661
5704646
5704646
5704646
5705077
5705210
5705210
5705210
5714193
5714193
5714193
5715319
5715319
5715319
5718723
5727585
5734052
5734052
5734052
5748902
5748902
5748902
5748902
5748902
5748902
5748902
5748902
5748902
5760880
5760880
5760880
5776990
5776990
5776990
5798384
5798384
5798384
5826981
5826981
5826981
5872587
5876329
5876329
5879038
5879038
5879038
5899657
5899657
5899657
5930278
5930278
5973700
5973700
5973700
5974692
5980775
5980775
5989241
5989241
5989241
5989241
5996948
5996948
5996948
