1125208
1126090
1126308
1131364
1140839
1148393
1148450
1149457
1149944
1151173
1221707
1288703
1327486
1329546
1439563
1497648
1497653
1591993
1600869
1633514
1633526
1927519
1989394
2436104
2436112
2436117
2436119
2436121
2436128
2436132
2436140
2436142
2436145
2436150
2436152
2436162
2436168
2436171
2436173
2436193
2436197
2436212
2436217
2436219
2436224
2436236
2436241
2436250
2436255
2436265
2436267
2436269
2436273
2436277
2436289
2436295
2436338
2436348
2436357
2436365
2436388
2436391
2436461
2436474
2436492
2436508
2436512
2436517
2436519
2436529
2436537
2436543
2436561
2436564
2436566
2436578
2436583
2436591
2436600
2436605
2436610
2436613
2436632
2436641
2436646
2436649
2436652
2436655
2436663
2436666
2436672
2436682
2436698
2436700
2436714
2436724
2436728
2436739
2436740
2436743
2436749
2436756
2436765
2436775
2436798
2436802
2436830
2436874
2436900
2436903
2436909
2437030
2437034
2437043
2437046
2437050
2437121
2437134
2437138
2437142
2437157
2437168
2437171
2437173
2437176
2437181
2437183
2437216
2437218
2437234
2437240
2437252
2437288
2437298
2437304
2437307
2437318
2437325
2437395
2437407
2437434
2437481
2437535
2437540
2437582
2437592
2437595
2437598
2437603
2437619
2437631
2437633
2437645
2437650
2437658
2437667
2437672
2437679
2437685
2437702
2437713
2437721
2437725
2437729
2437731
2437732
2437735
2437801
2437803
2437820
2437823
2437827
2437832
2437837
2437857
2437875
2437877
2437934
2437947
2437964
2437978
2437981
2437992
2438016
2438021
2438027
2438054
2438167
2438188
2438196
2438205
2438217
2438230
2438238
2438242
2438256
2438263
2438274
2438276
2438280
2438383
2438388
2438411
2438438
2438532
2438948
2439083
2439192
2439697
2439703
2440139
2440159
2440238
2440294
2440835
2464516
2608034
3104847
3412551
3548286
3984465
4536198
4991541
5065651
5065659
5067112
5292379
5293203
994800
