988725
988728
988732
988733
988737
988752
988775
988783
988831
988850
988957
988961
988966
988970
988972
988986
989042
989198
989332
989345
992893
994377
994542
997079
1014512
1016810
1017545
1044737
1079183
1100002
1100282
1100282
1100283
1115023
1117037
1118595
1119952
1120743
1120759
1123616
1124028
1124085
1124203
1124936
1125164
1126338
1126536
1126547
1126568
1126896
1127074
1127105
1127187
1127191
1127205
1129597
1129684
1129739
1133053
1138732
1139312
1139430
1140063
1142005
1142010
1142017
1142024
1142180
1142633
1143130
1144426
1144581
1144588
1144754
1144778
1145194
1145263
1145434
1145776
1145807
1145857
1146407
1146737
1146810
1146937
1147092
1147379
1148343
1148348
1148353
1148364
1148659
1149094
1150625
1150684
1150983
1151577
1151840
1152983
1153896
1154169
1159648
1161302
1162395
1166012
1166491
1166620
1166629
1167799
1168585
1168849
1172222
1172314
1172333
1176098
1178108
1178425
1180975
1181089
1184244
1186200
1186206
1186210
1186224
1186229
1186232
1188599
1199205
1199245
1209240
1209534
1211210
1212588
1216649
1219676
1221636
1243252
1244657
1246031
1246117
1246438
1247135
1247993
1248011
1248042
1253580
1254206
1254213
1254361
1255873
1256974
1256982
1257047
1257349
1259252
1260168
1263756
1263999
1282445
1285331
1288686
1293749
1294887
1299889
1302939
1303699
1306956
1307122
1318891
1325879
1327902
1330392
1330562
1353394
1354856
1356030
1362270
1363849
1367824
1367824
1367956
1368038
1369248
1373497
1391452
1392706
1411297
1414085
1415579
1416999
1418420
1431171
1433130
1433382
1434233
1435350
1435684
1435875
1437777
1439160
1439443
1441657
1443624
1445523
1450315
1451546
1453391
1453484
1454889
1455378
1456004
1459869
1463916
1463916
1464200
1469006
1477569
1478460
1480567
1481905
1481929
1486400
1488075
1488075
1488075
1488075
1488243
1488243
1488243
1488243
1488243
1488243
1488657
1488686
1489195
1490087
1492253
1494495
1494497
1498170
1498178
1498190
1499071
1500070
1502815
1503136
1505693
1505836
1508917
1511750
1513941
1514209
1514891
1515225
1516022
1518551
1519658
1525833
1534414
1544950
1548536
1549507
1552557
1558765
1568089
1571529
1571529
1573226
1583461
1583461
1590339
1591993
1593664
1593855
1594730
1595569
1595577
1595594
1595620
1596898
1597598
1600652
1600869
1602969
1603016
1610777
1619733
1633789
1639012
1639012
1639012
1639012
1639012
1639012
1639012
1639012
1639012
1639012
1639012
1642972
1648985
1649621
1665686
1668935
1668961
1669851
1674605
1677884
1685056
1687529
1691415
1691521
1693468
1705892
1715865
1719103
1731809
1734294
1757855
1757895
1757965
1777261
1790877
1804023
1837952
1837953
1854798
1856924
1880663
1891507
1915484
1923545
1927244
1927408
1928008
1928109
1928278
1928544
1928859
1928884
1929176
1930458
1931034
1931083
1931083
1931156
1933093
1933357
1933537
1933639
1933718
1934091
1934800
1935405
1936979
1940095
1940413
1940919
1940942
1944173
1944426
1945926
1946547
1949193
1949206
1949211
1949218
1949221
1950652
1956519
1956700
1957307
1957311
1957991
1963640
1963655
1964056
1967940
1968157
1972244
1972695
1973400
1973683
1973730
1976508
1981387
1985765
2002017
2003782
2003810
2003821
2003831
2006501
2006594
2012246
2012300
2020654
2022524
2028461
2030173
2030176
2034143
2038334
2051431
2054669
2054669
2056352
2057214
2057262
2057329
2104751
2133560
2133575
2163810
2186256
2189146
2189655
2195790
2196302
2212171
2221782
2230561
2234971
2239273
2244797
2246520
2252140
2260757
2260774
2260797
2260807
2265161
2267831
2267860
2275822
2285651
2292120
2293338
2294940
2296770
2309734
2310327
2313009
2314630
2336632
2372398
2374946
2406031
2415405
2453273
2453274
2453277
2463187
2463211
2463386
2464516
2464522
2466780
2466847
2468169
2468204
2469517
2474979
2482114
2483081
2488908
2502248
2511019
2517183
2518842
2527738
2528539
2567029
2576215
2591689
2603562
2606592
2607744
2616544
2642580
2674979
2676446
2676461
2676480
2676972
2677671
2681770
2682648
2684664
2684706
2693523
2693576
2708161
2713213
2716735
2721208
2725090
2748018
2771410
2771779
2795524
2796357
2798473
2807755
2814559
2825255
2825295
2825370
2825688
2825694
2833710
2845968
2851634
2851647
2851656
2851666
2864492
2871843
2871855
2891504
2891511
2935602
2971849
2988130
2999247
3037348
3037357
3038515
3038523
3038742
3038773
3042629
3048327
3048330
3064209
3078767
3086808
3086849
3104847
3126286
3143491
3155030
3170298
3179414
3183263
3202473
3237399
3243148
3259589
3294048
3295029
3295882
3297779
3299285
3334035
3334270
3334301
3334317
3342746
3342792
3342815
3343167
3343543
3343554
3343560
3343571
3343589
3349010
3351244
3357788
3358708
3360184
3360203
3364348
3368999
3383438
3383523
3383536
3392735
3393275
3394814
3399780
3409023
3409044
3409073
3409089
3411637
3413972
3413983
3414062
3415919
3415960
3428317
3429450
3429948
3435058
3440732
3444336
3447607
3458997
3459466
3459554
3459597
3471872
3480240
3485222
3485241
3485254
3485375
3485385
3494123
3494880
3498527
3507224
3514722
3518956
3531528
3538776
3548286
3557103
3576719
3576731
3586222
3586236
3586241
3599420
3604050
3609453
3611285
3611312
3611320
3611349
3618473
3622291
3628373
3628391
3628401
3628409
3628424
3628467
3641554
3643856
3643971
3645825
3645830
3645869
3645874
3645880
3645887
3645900
3646047
3646055
3646092
3646460
3646976
3649025
3650186
3650204
3657380
3658093
3660374
3660434
3675327
3675844
3675853
3675867
3680913
3683170
3694208
3702756
3707060
3710331
3710867
3711061
3713069
3713803
3713853
3715788
3721423
3721486
3721496
3722136
3722959
3727370
3728485
3733598
3735198
3735201
3743265
3748163
3748188
3748987
3748994
3754925
3754930
3755607
3756776
3756895
3756908
3760660
3760669
3762711
3762717
3762725
3767940
3778437
3778464
3781683
3781736
3782814
3787264
3788503
3789456
3792032
3793530
3793569
3794971
3804287
3815080
3815136
3817387
3817749
3817793
3827203
3830940
3840526
3842488
3846016
3846053
3847942
3851324
3854652
3858579
3858815
3858971
3861495
3865844
3867175
3867735
3868123
3871826
3877108
3878556
3878792
3878916
3878945
3879016
3879630
3882785
3883445
3884201
3885971
3887979
3902328
3902631
3902690
3909735
3913712
3914862
3918668
3921086
3921096
3932054
3934653
3934689
3951432
3951492
3953393
3953968
3954048
3954741
3956351
3960382
3960453
3964201
3970830
3973352
3974330
3974614
3974624
3977970
3979679
3984379
3984384
3984386
3984447
3984453
3984453
3984454
3984456
3984457
3984458
3984458
3984465
3984469
3984470
3984470
3984477
3989973
3993315
3997482
4001694
4007529
4007532
4007557
4007558
4007566
4007594
4007596
4007603
4009882
4013135
4026305
4029702
4029783
4032044
4035575
4043272
4048809
4048834
4048845
4048865
4048885
4054581
4057603
4060693
4063366
4073531
4075425
4077834
4078046
4080519
4080593
4087950
4095472
4103704
4103771
4104323
4105454
4108553
4116008
4116017
4116511
4118280
4120208
4126076
4138069
4140953
4151019
4153298
4153467
4158219
4158536
4161967
4162803
4163903
4168493
4169024
4169757
4170337
4186580
4215972
4217886
4223519
4224106
4229683
4235428
4235440
4241788
4249607
4260156
4264644
4267051
4267356
4269713
4286515
4286966
4289016
4290744
4295138
4297665
4297681
4298246
4298805
4301873
4302702
4306384
4312024
4313732
4313813
4313844
4313892
4322180
4327209
4329107
4329113
4329118
4329137
4331251
4334923
4337298
4337312
4339830
4344314
4345027
4345121
4345231
4347399
4353892
4354780
4357353
4358085
4358368
4365251
4370079
4370998
4372206
4413372
4417519
4417577
4430705
4436873
4449046
4450762
4450767
4463729
4466058
4474070
4488914
4491323
4491350
4516800
4522085
4536198
4565940
4566513
4570467
4585943
4586850
4587029
4595110
4606016
4606022
4611300
4620660
4627866
4629577
4632312
4640232
4640336
4641936
4644358
4647543
4647697
4647804
4650132
4650155
4650952
4651160
4651323
4651348
4651401
4651453
4651598
4655334
4656721
4660191
4660902
4661851
4672262
4673846
4675870
4681905
4682870
4692868
4703354
4710450
4710533
4714362
4721596
4725119
4747771
4748148
4751838
4756232
4756563
4757523
4757757
4770669
4770702
4772856
4780757
4788894
4789685
4817430
4818903
4822611
4829820
4830780
4831357
4837831
4844536
4845241
4845786
4853082
4853111
4858783
4869143
4869260
4869368
4870322
4876049
4883495
4890583
4892227
4896459
4896507
4896523
4897421
4899456
4900050
4908738
4913397
4928988
4949405
4949862
4954585
4970243
4976971
4991541
5009957
5014013
5015885
5032375
5044438
5065651
5065659
5065721
5067112
5073478
5082109
5114931
5118434
5124257
5130726
5131374
5131640
5131657
5131670
5136552
5137420
5143261
5148770
5154802
5164188
5179106
5182627
5185562
5198237
5218883
5239540
5248544
5257916
5258784
5260077
5285422
5302162
5302908
5327837
5345315
5368505
5369359
5390840
5404353
5413382
5423340
5487962
5491355
5492971
5531918
5545586
5555665
5584878
5604932
5609180
5609193
5614095
5702717
5721310
5730374
5750316
5750700
5766616
5798804
5799218
5903467
5910759
5914705
5928044
5990026
5994167
5994199
