1165405
1173844
1742161
1927514
2130647
2130653
2206119
2244599
2715998
3412436
3412447
3446054
3661960
3854632
3854635
3871791
3882487
3882776
3883955
3884123
3892548
3892550
3965023
3965048
3965062
3979080
3979084
3979228
3979231
3979244
3979309
3984154
3984179
3984184
3984189
3984212
3984230
3984232
3984240
3984251
3984254
3984261
3984263
3984267
3984270
3984281
3984288
3984294
3984298
3984299
3984359
3984362
3984367
4007518
4007551
4049481
4086553
4176851
4227620
4269831
4300497
4300895
4345226
4349643
4411035
4425650
4426756
4426757
4431469
4489840
4513683
4513685
4513697
4513703
4513708
4513713
4513724
4552903
4567693
4591594
4625407
4628090
4631666
4633372
4644620
4644686
4644794
4649887
4650002
4661684
4764873
4797039
4799799
4801492
4982400
5074250
5075180
5114236
5200656
5228539
5256948
5257019
5259202
5275320
5278446
5283557
5296624
5326366
5338873
5364426
5384068
5423055
5446730
5450970
5472132
5472433
5474166
5507010
5538642
5595309
5627213
5646897
5660400
5674863
5720080
5726963
5782669
5784531
5788692
5803463
5858348
5859073
5863145
5863230
5871365
5873413
5934734
988781
988838
blockNum
